#GLOBALINDEX  FRAME  COMPONENT  DESCRIPTORINDEX
        1121          96           3           2
#DESCRIPTOR
    35    11    24    10    24     0    10    40     0     0    16     0
#ID EL NBONDS BONDED_IDS 
      65  C        4      89      66      68     118
      66  H        1      65
      67  H        1     118
      68  C        4      65      69      70      71
      69  H        1      68
      70  H        1      68
      71  C        4      72      73      74      68
      72  H        1      71
      73  H        1      71
      74  C        4      75      76      77      71
      75  H        1      74
      76  H        1      74
      77  C        4      80      74      78      79
      78  H        1      77
      79  H        1      77
      80  C        4      81      82      83      77
      81  H        1      80
      82  H        1      80
      83  C        4      80      84      85      86
      84  H        1      83
      85  H        1      83
      86  C        4      88      83      93      87
      87  H        1      86
      88  H        1      86
      89  C        4      65      90      91      92
      90  H        1      89
      91  H        1      89
      92  H        1      89
      93  C        4      96      94      86      95
      94  H        1      93
      95  H        1      93
      96  H        1      93
     118  C        4     120      65      67     119
     119  H        1     118
     120  H        1     118
