#GLOBALINDEX  FRAME  COMPONENT  DESCRIPTORINDEX
         776          66           9          31
#DESCRIPTOR
    41    13    28    12    28     0    12    48     0     0    18     0
#ID EL NBONDS BONDED_IDS 
     257  C        4     281     258     259     260
     258  H        1     257
     259  H        1     257
     260  C        4     257     261     262     263
     261  H        1     260
     262  H        1     260
     263  C        4     264     265     266     260
     264  H        1     263
     265  H        1     263
     266  C        4     267     268     269     263
     267  H        1     266
     268  H        1     266
     269  C        4     272     266     324     271
     270  H        1     324
     271  H        1     269
     272  C        4     273     274     275     269
     273  H        1     272
     274  H        1     272
     275  C        4     272     276     277     278
     276  H        1     275
     277  H        1     275
     278  C        4     280     275     285     279
     279  H        1     278
     280  H        1     278
     281  C        4     257     282     283     284
     282  H        1     281
     283  H        1     281
     284  H        1     281
     285  C        4     288     286     278     287
     286  H        1     285
     287  H        1     285
     288  H        1     285
     321  C        4     345     322     323     324
     322  H        1     321
     323  H        1     321
     324  C        4     321     269     270     325
     325  H        1     324
     345  C        4     321     346     347     348
     346  H        1     345
     347  H        1     345
     348  H        1     345
