#GLOBALINDEX  FRAME  COMPONENT  DESCRIPTORINDEX
        1144          98           2          17
#DESCRIPTOR
    29     9    20     8    20     0     7    34     0     0    13     0
#ID EL NBONDS BONDED_IDS 
      33  C        4      57      34      35      36
      34  H        1      33
      35  H        1      33
      36  C        4      33      37      38      39
      37  H        1      36
      38  H        1      36
      39  C        4      40      41      42      36
      40  H        1      39
      41  H        1      39
      42  C        4      43      44      45      39
      43  H        1      42
      44  H        1      42
      45  C        4      48      42      46      47
      46  H        1      45
      47  H        1      45
      48  C        4      49      50      51      45
      49  H        1      48
      50  H        1      48
      51  C        4      48      52      53      54
      52  H        1      51
      53  H        1      51
      54  C        4      56      51     252      55
      55  H        1      54
      56  H        1      54
      57  C        4      33      58      59      60
      58  H        1      57
      59  H        1      57
      60  H        1      57
     252  H        1      54
