#GLOBALINDEX  FRAME  COMPONENT  DESCRIPTORINDEX
          43           3           8           6
#DESCRIPTOR
    18     6    12     6    12     0     7    22     0     0     7     0
#ID EL NBONDS BONDED_IDS 
     170  C        4     171     173     182     183
     171  H        1     170
     173  C        4     176     170     174     175
     174  H        1     173
     175  H        1     173
     176  C        4     177     178     179     173
     177  H        1     176
     178  H        1     176
     179  C        4     176     180     181     182
     180  H        1     179
     181  H        1     179
     182  C        4     184     170     179     189
     183  H        1     170
     184  H        1     182
     189  C        4     192     190     182     191
     190  H        1     189
     191  H        1     189
     192  H        1     189
