#GLOBALINDEX  FRAME  COMPONENT  DESCRIPTORINDEX
        1059          90          10          44
#DESCRIPTOR
    20     7    13     6    13     0     5    21     0     0     7     0
#ID EL NBONDS BONDED_IDS 
     231  C        3     232     233     234
     232  H        1     231
     233  H        1     231
     234  C        3     235     237     231
     235  H        1     234
     237  C        3     240     234     238
     238  H        1     237
     240  C        4     241     242     243     237
     241  H        1     240
     242  H        1     240
     243  C        4     240     244     245     246
     244  H        1     243
     245  H        1     243
     246  C        4     248     243     253     247
     247  H        1     246
     248  H        1     246
     253  C        4     256     254     246     255
     254  H        1     253
     255  H        1     253
     256  H        1     253
