#GLOBALINDEX  FRAME  COMPONENT  DESCRIPTORINDEX
         907          77          10          28
#DESCRIPTOR
    21     7    14     6    14     0     5    23     0     0     8     0
#ID EL NBONDS BONDED_IDS 
     263  C        3     264     265     266
     264  H        1     263
     265  H        1     263
     266  C        3     268     269     263
     268  H        1     266
     269  C        4     272     266     270     271
     270  H        1     269
     271  H        1     269
     272  C        4     273     274     275     269
     273  H        1     272
     274  H        1     272
     275  C        4     272     276     277     278
     276  H        1     275
     277  H        1     275
     278  C        4     280     275     285     279
     279  H        1     278
     280  H        1     278
     285  C        4     288     286     278     287
     286  H        1     285
     287  H        1     285
     288  H        1     285
