#GLOBALINDEX  FRAME  COMPONENT  DESCRIPTORINDEX
         343          29           5          24
#DESCRIPTOR
    53    17    36    16    36     0    16    64     0     0    22     0
#ID EL NBONDS BONDED_IDS 
     129  C        4     153     130     131     132
     130  H        1     129
     131  H        1     129
     132  C        4     129     133     134     135
     133  H        1     132
     134  H        1     132
     135  C        4     136     137     138     132
     136  H        1     135
     137  H        1     135
     138  C        4     139     140     141     135
     139  H        1     138
     140  H        1     138
     141  C        4     144     138     142     143
     142  H        1     141
     143  H        1     141
     144  C        4     329     146     141     327
     146  H        1     144
     153  C        4     129     154     155     156
     154  H        1     153
     155  H        1     153
     156  H        1     153
     321  C        4     345     322     323     324
     322  H        1     321
     323  H        1     321
     324  C        4     321     325     326     327
     325  H        1     324
     326  H        1     324
     327  C        4     144     328     330     324
     328  H        1     327
     329  H        1     144
     330  C        4     331     332     333     327
     331  H        1     330
     332  H        1     330
     333  C        4     336     330     334     335
     334  H        1     333
     335  H        1     333
     336  C        4     337     338     339     333
     337  H        1     336
     338  H        1     336
     339  C        4     336     340     341     342
     340  H        1     339
     341  H        1     339
     342  C        4     344     339     349     343
     343  H        1     342
     344  H        1     342
     345  C        4     321     346     347     348
     346  H        1     345
     347  H        1     345
     348  H        1     345
     349  C        4     352     350     342     351
     350  H        1     349
     351  H        1     349
     352  H        1     349
