#GLOBALINDEX  FRAME  COMPONENT  DESCRIPTORINDEX
         184          15          10          20
#DESCRIPTOR
    31    10    21     9    21     0     8    37     0     0    12     0
#ID EL NBONDS BONDED_IDS 
     257  C        4     281     258     259     260
     258  H        1     257
     259  H        1     257
     260  C        4     257     261     262     263
     261  H        1     260
     262  H        1     260
     263  C        4     264     265     266     260
     264  H        1     263
     265  H        1     263
     266  C        4     267     268     269     263
     267  H        1     266
     268  H        1     266
     269  C        4     272     266     270     271
     270  H        1     269
     271  H        1     269
     272  C        4     273     274     275     269
     273  H        1     272
     274  H        1     272
     275  C        4     272     276     277     278
     276  H        1     275
     277  H        1     275
     278  C        4     280     275     285     279
     279  H        1     278
     280  H        1     278
     281  C        4     257     282     283     284
     282  H        1     281
     283  H        1     281
     284  H        1     281
     285  C        3     288     278     287
     287  H        1     285
     288  H        1     285
