#GLOBALINDEX  FRAME  COMPONENT  DESCRIPTORINDEX
         187          16           1          21
#DESCRIPTOR
    50    16    34    15    34     0    14    62     0     0    20     0
#ID EL NBONDS BONDED_IDS 
       1  C        4      25       2       3       4
       2  H        1       1
       3  H        1       1
       4  C        4       1       5       6       7
       5  H        1       4
       6  H        1       4
       7  C        4       8       9      10       4
       8  H        1       7
       9  H        1       7
      10  C        4      11      12      13       7
      11  H        1      10
      12  H        1      10
      13  C        4      16      10      14      15
      14  H        1      13
      15  H        1      13
      16  C        4      17      18      19      13
      17  H        1      16
      18  H        1      16
      19  C        4      16      20      21      22
      20  H        1      19
      21  H        1      19
      22  C        4      24      19      29      23
      23  H        1      22
      24  H        1      22
      25  C        4       1      27      28     333
      26  H        1     333
      27  H        1      25
      28  H        1      25
      29  C        4      32      30      22      31
      30  H        1      29
      31  H        1      29
      32  H        1      29
     321  C        4     345     322     323     324
     322  H        1     321
     323  H        1     321
     324  C        4     321     325     326     327
     325  H        1     324
     326  H        1     324
     327  C        4     328     329     330     324
     328  H        1     327
     329  H        1     327
     330  C        4     331     332     333     327
     331  H        1     330
     332  H        1     330
     333  C        4      25      26     330     335
     335  H        1     333
     345  C        4     321     346     347     348
     346  H        1     345
     347  H        1     345
     348  H        1     345
