#GLOBALINDEX  FRAME  COMPONENT  DESCRIPTORINDEX
         107           9           1          14
#DESCRIPTOR
    44    14    30    13    30     0    13    52     0     0    19     0
#ID EL NBONDS BONDED_IDS 
       1  C        4      25       2       3       4
       2  H        1       1
       3  H        1       1
       4  C        4       1       5       6       7
       5  H        1       4
       6  H        1       4
       7  C        4       8       9      10       4
       8  H        1       7
       9  H        1       7
      10  C        4      11      12      13       7
      11  H        1      10
      12  H        1      10
      13  C        4      16      10      14      15
      14  H        1      13
      15  H        1      13
      16  C        4      17      18      19      13
      17  H        1      16
      18  H        1      16
      19  C        4      16     176      20      22
      20  H        1      19
      22  C        4      24      19      29      23
      23  H        1      22
      24  H        1      22
      25  C        4       1      26      27      28
      26  H        1      25
      27  H        1      25
      28  H        1      25
      29  C        4      32      30      22      31
      30  H        1      29
      31  H        1      29
      32  H        1      29
     176  C        4     177     178      19     179
     177  H        1     176
     178  H        1     176
     179  C        4     176     180     181     182
     180  H        1     179
     181  H        1     179
     182  C        4     184     179     189     183
     183  H        1     182
     184  H        1     182
     189  C        4     192     190     182     191
     190  H        1     189
     191  H        1     189
     192  H        1     189
