#GLOBALINDEX  FRAME  COMPONENT  DESCRIPTORINDEX
        1151          98           9          27
#DESCRIPTOR
    30    10    20     9    20     0     8    35     0     0    11     0
#ID EL NBONDS BONDED_IDS 
     225  C        3     249     227     228
     227  H        1     225
     228  C        4     225     229     230     231
     229  H        1     228
     230  H        1     228
     231  C        4     232     233     234     228
     232  H        1     231
     233  H        1     231
     234  C        4     235     236     237     231
     235  H        1     234
     236  H        1     234
     237  C        4     240     234     238     239
     238  H        1     237
     239  H        1     237
     240  C        4     241     242     243     237
     241  H        1     240
     242  H        1     240
     243  C        4     240     244     245     246
     244  H        1     243
     245  H        1     243
     246  C        4     248     243     253     247
     247  H        1     246
     248  H        1     246
     249  C        3     225     250     251
     250  H        1     249
     251  H        1     249
     253  C        4     256     254     246     255
     254  H        1     253
     255  H        1     253
     256  H        1     253
