#GLOBALINDEX  FRAME  COMPONENT  DESCRIPTORINDEX
         926          79           6          40
#DESCRIPTOR
    33    11    22    10    22     0    10    36     0     0    14     0
#ID EL NBONDS BONDED_IDS 
     150  C        4     152     266     259     268
     152  H        1     150
     257  C        3     281     258     260
     258  H        1     257
     259  H        1     150
     260  C        3     257     261     263
     261  H        1     260
     263  C        4     264     265     266     260
     264  H        1     263
     265  H        1     263
     266  C        4     267     269     150     263
     267  H        1     266
     268  H        1     150
     269  C        4     272     266     270     271
     270  H        1     269
     271  H        1     269
     272  C        4     273     274     275     269
     273  H        1     272
     274  H        1     272
     275  C        4     272     276     277     278
     276  H        1     275
     277  H        1     275
     278  C        4     280     275     285     279
     279  H        1     278
     280  H        1     278
     281  C        4     257     282     283     284
     282  H        1     281
     283  H        1     281
     284  H        1     281
     285  C        4     288     286     278     287
     286  H        1     285
     287  H        1     285
     288  H        1     285
