#GLOBALINDEX  FRAME  COMPONENT  DESCRIPTORINDEX
         914          78           5          39
#DESCRIPTOR
    38    12    26    10    27     0     8    43     1     0    18     0
#ID EL NBONDS BONDED_IDS 
      86  C        3      88      93     302
      88  H        1      86
      93  C        4      96      94      86      95
      94  H        1      93
      95  H        1      93
      96  H        1      93
     289  C        4     313     290     291     292
     290  H        1     289
     291  H        1     289
     292  C        4     289     293     294     295
     293  H        1     292
     294  H        1     292
     295  C        4     296     297     298     292
     296  H        1     295
     297  H        1     295
     298  C        4     299     300     301     295
     299  H        1     298
     300  H        1     298
     301  C        4     304     298     302     303
     302  H        2     301      86
     303  H        1     301
     304  C        4     305     306     307     301
     305  H        1     304
     306  H        1     304
     307  C        4     304     308     309     310
     308  H        1     307
     309  H        1     307
     310  C        4     312     307     317     311
     311  H        1     310
     312  H        1     310
     313  C        4     289     314     315     316
     314  H        1     313
     315  H        1     313
     316  H        1     313
     317  C        4     320     318     310     319
     318  H        1     317
     319  H        1     317
     320  H        1     317
