#GLOBALINDEX  FRAME  COMPONENT  DESCRIPTORINDEX
        1122          96           4           7
#DESCRIPTOR
    26     8    18     7    18     0     6    30     0     0    12     0
#ID EL NBONDS BONDED_IDS 
      97  C        4     121      98      99     100
      98  H        1      97
      99  H        1      97
     100  C        4      97     101     102     103
     101  H        1     100
     102  H        1     100
     103  C        4     104     105     106     100
     104  H        1     103
     105  H        1     103
     106  C        4     107     108     109     103
     107  H        1     106
     108  H        1     106
     109  C        4     112     106     110     111
     110  H        1     109
     111  H        1     109
     112  C        4     113     114     115     109
     113  H        1     112
     114  H        1     112
     115  C        4     112     162     116     117
     116  H        1     115
     117  H        1     115
     121  C        4      97     122     123     124
     122  H        1     121
     123  H        1     121
     124  H        1     121
     162  H        1     115
