#GLOBALINDEX  FRAME  COMPONENT  DESCRIPTORINDEX
         965          82          10           3
#DESCRIPTOR
    18     6    12     5    12     0     4    19     0     0     7     0
#ID EL NBONDS BONDED_IDS 
     266  C        3     267     269     271
     267  H        1     266
     269  C        3     272     266     270
     270  H        1     269
     271  H        1     266
     272  C        4     273     274     275     269
     273  H        1     272
     274  H        1     272
     275  C        4     272     276     277     278
     276  H        1     275
     277  H        1     275
     278  C        4     280     275     285     279
     279  H        1     278
     280  H        1     278
     285  C        4     288     286     278     287
     286  H        1     285
     287  H        1     285
     288  H        1     285
