#GLOBALINDEX  FRAME  COMPONENT  DESCRIPTORINDEX
        1113          95           7          11
#DESCRIPTOR
    24     8    16     7    16     0     6    27     0     0     9     0
#ID EL NBONDS BONDED_IDS 
     164  C        3     169     166     167
     166  H        1     164
     167  C        3     168     170     164
     168  H        1     167
     169  H        1     164
     170  C        4     171     172     173     167
     171  H        1     170
     172  H        1     170
     173  C        4     176     170     174     175
     174  H        1     173
     175  H        1     173
     176  C        4     177     178     179     173
     177  H        1     176
     178  H        1     176
     179  C        4     176     180     181     182
     180  H        1     179
     181  H        1     179
     182  C        4     184     179     189     183
     183  H        1     182
     184  H        1     182
     189  C        4     192     190     182     191
     190  H        1     189
     191  H        1     189
     192  H        1     189
