#GLOBALINDEX  FRAME  COMPONENT  DESCRIPTORINDEX
         844          72           8          34
#DESCRIPTOR
    27     9    18     8    18     0     7    31     0     0    10     0
#ID EL NBONDS BONDED_IDS 
     225  C        4     249     226     227     228
     226  H        1     225
     227  H        1     225
     228  C        4     225     229     230     231
     229  H        1     228
     230  H        1     228
     231  C        4     232     233     234     228
     232  H        1     231
     233  H        1     231
     234  C        4     235     236     237     231
     235  H        1     234
     236  H        1     234
     237  C        4     240     234     238     239
     238  H        1     237
     239  H        1     237
     240  C        4     241     242     243     237
     241  H        1     240
     242  H        1     240
     243  C        3     240     245     246
     245  H        1     243
     246  C        3     248     243     247
     247  H        1     246
     248  H        1     246
     249  C        4     225     250     251     252
     250  H        1     249
     251  H        1     249
     252  H        1     249
