#GLOBALINDEX  FRAME  COMPONENT  DESCRIPTORINDEX
        1133          97           3          18
#DESCRIPTOR
    35    11    24    10    24     0     9    42     0     0    15     0
#ID EL NBONDS BONDED_IDS 
      42  C        4      43      44     349     350
      43  H        1      42
      44  H        1      42
     321  C        4     345     322     323     324
     322  H        1     321
     323  H        1     321
     324  C        4     321     325     326     327
     325  H        1     324
     326  H        1     324
     327  C        4     328     329     330     324
     328  H        1     327
     329  H        1     327
     330  C        4     331     332     333     327
     331  H        1     330
     332  H        1     330
     333  C        4     336     330     334     335
     334  H        1     333
     335  H        1     333
     336  C        4     337     338     339     333
     337  H        1     336
     338  H        1     336
     339  C        4     336     340     341     342
     340  H        1     339
     341  H        1     339
     342  C        4     344     339     349     343
     343  H        1     342
     344  H        1     342
     345  C        4     321     346     347     348
     346  H        1     345
     347  H        1     345
     348  H        1     345
     349  C        4     352      42     342     351
     350  H        1      42
     351  H        1     349
     352  H        1     349
