#GLOBALINDEX  FRAME  COMPONENT  DESCRIPTORINDEX
        1162          99           8          19
#DESCRIPTOR
    31    10    21     9    21     0     8    36     0     0    13     0
#ID EL NBONDS BONDED_IDS 
     193  C        3     217     194     196
     194  H        1     193
     196  C        4     193     197     198     199
     197  H        1     196
     198  H        1     196
     199  C        4     200     201     202     196
     200  H        1     199
     201  H        1     199
     202  C        4     203     204     205     199
     203  H        1     202
     204  H        1     202
     205  C        4     208     202     206     207
     206  H        1     205
     207  H        1     205
     208  C        4     209     210     211     205
     209  H        1     208
     210  H        1     208
     211  C        4     208     212     213     214
     212  H        1     211
     213  H        1     211
     214  C        4     216     211     221     215
     215  H        1     214
     216  H        1     214
     217  C        4     193     218     219     220
     218  H        1     217
     219  H        1     217
     220  H        1     217
     221  C        4     224     222     214     223
     222  H        1     221
     223  H        1     221
     224  H        1     221
