#GLOBALINDEX  FRAME  COMPONENT  DESCRIPTORINDEX
        1096          94           1          45
#DESCRIPTOR
    59    19    40    18    40     0    18    72     0     0    24     0
#ID EL NBONDS BONDED_IDS 
       1  C        4      25       2       3       4
       2  H        1       1
       3  H        1       1
       4  C        4       1       5       6       7
       5  H        1       4
       6  H        1       4
       7  C        4       8       9      10       4
       8  H        1       7
       9  H        1       7
      10  C        4      11      12      13       7
      11  H        1      10
      12  H        1      10
      13  C        4      16      10      14      15
      14  H        1      13
      15  H        1      13
      16  C        4      17      18      19      13
      17  H        1      16
      18  H        1      16
      19  C        4      16      20      21      22
      20  H        1      19
      21  H        1      19
      22  C        4      24      19     231      23
      23  H        1      22
      24  H        1      22
      25  C        4       1      26      27      28
      26  H        1      25
      27  H        1      25
      28  H        1      25
     225  C        4     249     226     227     228
     226  H        1     225
     227  H        1     225
     228  C        4     225     229     230     231
     229  H        1     228
     230  H        1     228
     231  C        4     232     234     228      22
     232  H        1     231
     234  C        4     235     236     237     231
     235  H        1     234
     236  H        1     234
     237  C        4     240     234     238     239
     238  H        1     237
     239  H        1     237
     240  C        4     241     242     243     237
     241  H        1     240
     242  H        1     240
     243  C        4     240     244     245     246
     244  H        1     243
     245  H        1     243
     246  C        4     248     243     253     247
     247  H        1     246
     248  H        1     246
     249  C        4     225     250     251     252
     250  H        1     249
     251  H        1     249
     252  H        1     249
     253  C        4     256     254     246     255
     254  H        1     253
     255  H        1     253
     256  H        1     253
