8.47736252 3.67249532 2.53063631
1.03496482 -1.38368886 -31.46640067
36.23267468 7.94415813 -41.47588441
-3.38975309 -1.93174173 -8.13309397
-39.74353057 33.53837128 1.50017696
12.73023623 17.70403274 -39.71228269
-7.66647954 -4.52260679 -4.28813349
18.89984181 -10.67376075 -32.34291750
-28.19433295 16.64891273 -14.15952886
7.88015568 14.09875797 2.69980893
26.35749184 -24.35676738 -2.06472412
-47.76372521 -45.70479798 -28.54283760
-4.16891514 -7.91189054 1.52406287
-29.97577805 -16.37728413 35.39565175
16.24046806 4.55738501 -51.52181665
9.37008342 12.51027843 7.71128825
22.05327238 40.52646144 16.30230353
4.27936448 -26.92964518 -1.27331902
-4.44861978 -6.53543081 -3.95046940
31.71353245 49.76426421 7.31329344
38.06784751 4.09469024 -38.46497725
4.21846339 10.40597361 1.26035179
2.58790787 -28.07941292 -105.82696985
-64.60826854 4.59082392 33.31162806
-2.76532766 -4.51072038 7.40463704
13.05865252 -10.22072942 22.01559997
-16.69642529 9.84445851 31.37439196
12.56162660 12.22177291 -2.04430726
5.31520808 15.29887690 2.27448177
5.58853362 -6.79428613 -37.12262437
49.05938079 9.49517215 -6.30619211
-31.58769943 -76.20536051 -22.93152355
11.76053091 4.41218853 6.92717440
-29.27995849 2.38265700 13.41742794
67.58347842 -60.05050084 -15.62439751
10.99464647 6.27550501 -0.26510099
19.97417828 10.66706042 3.01231316
-11.54288056 -18.62719532 -31.83805990
-1.26849907 -0.81188785 1.50528985
1.72558078 11.89188250 40.15289382
19.59355495 -11.81658267 -10.32989067
-7.58101117 7.27212945 3.82019988
7.71656168 -9.74856653 -12.30692492
30.38785524 7.84426170 -10.51737593
-4.28815301 1.99638512 -1.49128731
5.60308093 1.53489274 -10.35791831
11.78824195 -7.99832621 1.84523716
9.30950169 -0.27836526 1.55923100
21.06241295 2.73426002 -15.59698506
-2.32910699 -6.05100444 -2.29241349
-3.30603017 -4.45392847 6.09512274
14.92005600 11.16394587 7.75443904
-4.79446847 -4.54290967 15.20824193
-6.44411577 -8.06601750 0.57602982
-11.00680887 38.86150634 26.39147184
21.46134068 29.61723402 -38.40820163
-6.34137160 -5.15968220 -3.54088298
-17.32183718 18.30014089 -14.48605188
-2.29662333 -18.29564638 1.69902319
-28.37554175 -13.21743593 -16.91284325
0.01397458 7.47828238 -5.05427733
1.71747444 0.17168451 -36.06949275
-8.48161291 14.95133730 17.19872374
-1.76061857 -0.95300478 26.34762117
1.70769579 -0.89811703 1.04782176
1.28883869 4.29532324 -45.79280044
-23.95642612 6.73013198 -17.13395043
-7.44599116 1.53284582 -9.37958631
-12.03740452 -0.86492105 12.49991203
0.92653476 4.26602858 26.69912344
-8.55558993 1.28701280 0.36410650
-10.38287292 -0.20379539 15.53056495
15.20248230 -12.91082878 -4.92262162
6.41369694 -0.86570670 2.66140900
-23.93343887 4.93389322 -15.43601065
4.38204418 -20.31949634 7.55595100
9.57424663 -3.62072887 -4.96300155
5.17913720 16.53207224 -23.96109324
32.45041511 -16.20452128 -13.18806869
3.89995906 13.81489346 6.23162843
22.16301585 28.63748260 -11.33413490
-27.24962218 4.18990992 -21.61832320
3.73715811 3.12342821 -1.69637325
9.26384566 44.58075952 -9.47280225
-6.97262044 6.61927018 8.46411320
-3.92412778 0.95039089 -2.25384543
16.33350551 -7.57912095 21.18733248
1.55364622 19.14234381 20.15770831
7.93493950 -6.06669695 -7.97573416
12.95063289 -4.95740789 52.57723097
40.38640951 26.15578989 10.31105622
1.13128366 13.51637499 23.83640023
2.95176060 -4.73996684 -7.65068935
-6.04293588 5.74962824 -25.03440756
29.26936873 -1.62036145 -33.41370450
4.25777512 17.35073983 7.33807365
5.94209969 17.93778423 -12.14850642
-3.41523692 25.92671248 -38.59155368
4.74757771 -20.26442082 -25.86888324
-3.73902469 -0.68880405 -0.12044788
-22.53393990 -14.77358015 -55.36157257
48.85678028 -0.25889414 -17.67978752
-2.51874664 2.55120950 -0.49223324
11.01371611 5.79778000 20.59167616
0.48389735 -28.49326652 -15.27293120
-0.13419800 -0.66272430 6.22236477
-3.97410305 -57.90414039 -2.42647988
1.51184051 -19.89082506 -3.94233409
-0.00173531 -8.79796606 7.01092727
6.09272271 -33.03521472 28.60641503
6.00113662 11.08917742 7.81040216
4.31034942 -3.15092936 2.05897989
50.28491987 15.62020648 -24.50083665
33.23072391 19.22727092 -5.91486349
4.42097868 3.26212749 -3.75585719
-11.17998626 36.95129278 -1.10403152
5.26317124 -12.78699546 -7.07451014
3.85458155 3.55563345 3.43610757
-1.39502518 38.20938375 7.23964451
-5.69846521 18.53832253 35.80446771
-6.83574078 -1.49262064 10.27600365
-7.55957364 -41.24868827 -16.48725190
-13.88370278 28.90237952 38.43489961
11.82631322 -53.03284593 -19.72050672
-0.31508160 -4.96166687 0.59677079
-23.01883502 0.89672888 -36.54485568
10.98277205 30.63637361 17.39384128
10.68153825 9.55366229 39.59481886
-5.13664504 0.43710551 6.84395395
-38.86680043 4.63493391 -15.03328716
-4.63716998 -7.76371164 -11.07027362
-3.39587863 0.68119759 3.51977601
1.52383612 -0.01755946 -0.80116390
0.53611607 -8.77199204 4.68173682
0.27270548 6.86555722 -8.67052040
18.60040735 31.80980753 -8.82068149
-12.48073216 11.47338489 -19.17622122
5.59374089 8.18012513 -1.86126260
-28.15293546 3.01664037 19.00015053
-11.57657033 5.10354287 19.65557515
-6.57632399 3.37655055 -3.07101215
-28.29020920 -6.26546618 -7.21475732
-36.46449048 24.81418724 15.91413854
-11.19491833 -12.49708327 -0.00238389
35.55398611 -3.86111358 2.90973523
49.71384803 8.76137640 2.46905333
3.98914814 4.65427256 -6.85919004
-15.44632344 -18.93827542 35.74847848
24.21786398 9.55499909 11.66957492
3.88036896 -9.26181943 4.15988192
-7.63957971 31.80920665 0.56250302
3.75199573 1.73373856 2.36795108
7.45537555 -5.09531041 -10.07471764
14.46895217 -8.51337501 -33.87279694
-15.58095224 -5.85294443 31.12553190
25.80089289 -40.87263516 22.27662509
12.24948499 1.41683590 -13.91932822
3.84304929 29.07895634 29.06871978
28.03391749 1.70438223 29.02282493
19.82972088 -6.78980523 20.12253698
-8.19719653 -0.94712570 -5.08371219
1.70409639 -26.12561642 12.49520526
-28.37432803 5.25617760 -0.35220291
-2.61720624 -11.81888729 1.90533054
12.33563882 51.99962146 1.18278725
2.06907540 -3.50014970 -53.21126840
5.33718647 -1.77156195 -7.75416872
32.49430134 16.84271248 17.86348563
-25.84487453 -17.84395683 -12.00043324
1.29443445 8.02278930 -0.74412283
0.85194241 23.29818752 -4.94469714
4.95543013 -1.00649071 -8.27124755
1.47112890 -10.28009257 11.85151235
17.78894518 -23.79353071 19.60258060
-7.65857481 -1.97838441 6.16922976
-8.37429428 3.51912932 6.90155334
-23.79079191 32.94095249 -5.59289472
-23.92718861 13.26371455 22.85348644
-15.03187650 1.66838339 -8.61732409
-20.17281554 22.33795513 29.42365943
11.86235613 -22.82416381 24.16471635
-5.51827762 -5.30401969 6.38895775
47.34204320 -10.67039478 -15.20260319
0.32606748 18.42957966 -25.83614861
-3.90075405 4.10094974 -6.27520732
-4.15329084 6.48013006 23.06997261
-9.84119373 -22.73707946 -26.76063610
17.40461962 -18.13525356 19.47571484
-1.67484326 2.36410694 2.70774678
-23.89642002 6.15454460 -27.04502124
-11.29733482 10.82082112 -7.40472121
35.86578412 -15.20402241 21.18401051
0.88550220 -1.98445916 -6.06924231
27.24222854 15.09010059 -19.71052883
0.76951107 11.59546916 -9.65539847
-5.91856152 -0.52918101 1.74677440
-7.39760579 1.78649582 -7.17402756
-3.42492248 -26.89121516 -10.59713432
3.53888773 0.77062488 10.42443775
25.89850244 8.75212589 34.84776179
-33.30542122 -8.94370270 0.39482930
-10.57835966 5.47819711 1.48851350
29.52081628 -4.38445023 -0.45770074
-29.19512778 29.90896783 7.13399265
-6.39894875 8.34586453 4.12849179
-17.61920182 7.78563334 -0.49807924
-1.02133769 15.43144086 -16.34556230
-0.31715280 -3.20059265 5.80892383
3.94675429 -28.37249181 18.75321069
25.21661637 10.92261988 50.93013052
-2.02830109 5.19885125 2.41675760
-20.44244677 13.05081615 10.94273685
-27.91479907 -16.25240526 34.82777746
5.05384789 1.71337855 1.18539041
35.98335372 -28.13413628 -19.78467475
-23.12307043 35.08988502 -0.52838729
3.19185793 1.96757955 -0.19289099
35.76289803 36.26673140 -37.11430763
29.51457652 2.67347130 24.94668222
14.21618596 10.85947542 -29.47879916
-2.03068825 -6.47118008 -3.07354684
44.43003349 -9.93417706 -3.90501519
-1.69850709 13.23738819 -13.83747763
-6.53544300 24.81459458 -16.26713636
8.35975339 -3.21864958 -4.32834932
-21.47584108 -18.05264027 -15.50422504
4.46472139 -8.07695684 -17.27012504
-4.22607333 -2.42371013 -6.28023342
-17.39847995 -22.15714632 -6.97845590
-7.53702582 8.14733864 -9.04223795
0.93739923 -3.22907941 -0.07870832
6.57314757 -10.11372162 31.20952117
23.28879241 -46.38254428 -9.02548487
2.74985763 4.08863255 -5.71105340
-14.25233226 10.57579659 8.12396669
-21.12375440 11.49894272 22.12325925
4.79207817 -9.41747693 2.03460757
-3.34404876 -17.81925382 22.16672628
15.04993450 -54.84130970 14.33947539
4.72682626 -3.00283247 8.80469644
31.11034527 -12.34282756 -7.56840471
7.10111732 -16.34585260 34.50375199
6.28885196 -2.53321227 -0.48066990
21.16229915 5.93995389 -0.10865901
-7.92524057 13.84764839 6.62899651
0.17865244 -4.70359925 -2.83941946
-36.44987589 -12.05441248 -36.47691926
-43.43972361 32.88570750 -22.70523907
-9.64892611 5.74418671 0.54486316
-5.37410553 -30.76021912 -13.96124012
16.11181960 15.31604372 11.53454034
-3.37015698 -5.03743887 -23.24618182
-15.90059997 6.26941635 3.28186085
-27.50945688 18.37790465 -6.36103840
-6.27360980 -3.77897018 24.24152291
-19.38766760 0.63156502 -9.68112737
-11.29016117 1.05124234 3.79534498
31.20988285 8.43330334 -15.97693819
20.77798002 29.83950533 -44.66804750
7.15745420 -3.20106571 -12.86366239
18.49570725 -27.09871545 33.59841427
3.34768327 -17.82449993 -19.58352275
-4.64621531 -1.73809304 6.42485079
-12.97009904 21.65325094 5.49210151
-23.85824315 14.43659037 -9.77972785
-3.06194517 -2.80575205 9.91401644
21.51457510 20.21598908 -15.24187008
20.44401637 -15.52054657 -16.07972766
-2.04634908 -1.45001041 4.95496949
12.66577186 7.91353475 14.85522960
-0.04723385 -34.77267226 -11.03398061
-8.72488753 -4.71168150 0.95658251
2.31871129 -27.41271141 4.83995170
15.11891521 -24.12180920 -29.55435254
11.44098076 -3.22697632 -3.80517449
-38.84504210 -13.79912701 -18.47373420
-21.09992968 -10.16953575 0.45537988
4.13238017 -13.10048173 5.53061118
6.69627573 5.62170431 2.98277902
27.19011074 23.55252102 -3.76715176
1.44960416 0.95818535 8.04715211
1.14217895 32.35562942 -9.51684485
15.26727632 16.65523266 -8.90142312
-11.61205677 9.39093653 -4.80508891
-4.33835757 6.00325156 -14.51649574
27.54292071 1.54696228 14.88831093
17.41005578 4.29323721 4.07647322
8.58684676 -27.88142371 27.40236140
9.41958422 -1.14114551 10.80553957
-30.66657517 10.27062417 -11.97188198
8.52561857 15.33002267 -16.94105681
1.25912698 -3.34147658 5.16982318
-8.29230651 -20.26080851 -18.74893869
28.88559299 -11.42982120 29.03480943
9.23513329 0.33935395 -7.92317587
30.95268368 -16.15071301 7.42123112
-20.18573521 -20.80346611 32.71883566
-3.51708578 -2.00092998 -10.72699741
38.91893439 0.14131388 -4.25448703
10.08626791 0.30649249 -6.45196871
-1.30444389 -4.71659963 -8.26215306
-10.71172337 -13.41335329 -0.00171638
5.64448324 -21.88548527 4.84541320
-9.04612219 0.01122275 5.55849881
-8.41211190 -16.19847110 23.50526717
-4.74003248 8.19113847 3.10248655
4.95101907 5.51089455 4.65428248
1.70357698 -23.42985601 -8.60964555
-19.96390744 7.50802809 -22.48538867
-8.00099453 -8.11953926 2.53213551
-31.34796982 15.56691280 18.15858785
-17.19388163 -5.37922464 -15.86357670
-1.00274633 -4.18849728 1.13725789
-23.19334905 -11.28554099 -11.27329775
0.58544603 -34.99591192 -17.16929950
-13.36193727 9.38037424 6.25495071
5.02278644 0.56186593 -1.00468573
29.25247607 16.19962113 -13.75696480
49.96280341 21.32291183 26.14364211
-2.54694255 19.22686112 12.45383474
4.25355853 6.21736404 -1.97087233
-24.88681184 6.12287591 2.48673450
5.13041674 12.60485109 -3.95313085
-8.19779167 3.89809282 -3.52378779
5.49742824 6.50121886 20.30844009
1.90257200 -2.30748794 0.10532852
-9.57044288 3.60375548 -0.76102174
-10.88244984 4.92357996 10.92820250
-18.10849510 10.53559166 -21.95787734
5.75632701 -0.32755991 -7.00358120
-27.82471763 -5.18123785 33.26941174
-12.95959966 -27.30373206 -3.58423062
-0.32182821 -3.59171021 6.57934580
-4.02379016 5.80696970 36.77786050
-22.27238837 28.74258778 30.47972607
-0.10970013 -9.59861469 0.40995933
-22.69711243 0.54194746 -27.17856977
-30.98552499 8.62538087 14.76599052
-1.56812134 3.79083987 -0.26260156
-27.04406308 14.90122449 -0.27972394
-22.43948130 -4.92101427 34.26855535
-3.71256814 -5.14843772 14.09805693
37.78675105 -1.49767051 1.39868713
7.95001471 -45.15157217 9.75063395
-8.76334339 -2.23506396 5.35853740
50.29062224 3.50622647 4.69202174
-20.73015347 -12.49405666 10.93865485
9.81277541 13.88597090 43.41164809
2.56991493 -2.65008391 1.99866898
22.87335631 6.82133244 -40.87396545
4.48954638 -22.50037323 12.52564811
-30.69276625 19.79728336 2.97918486
