4.72159942 7.86722665 7.92725119
-0.79339243 -0.56784485 0.88923488
-10.64475284 -10.15296338 0.71282840
-0.09409804 -7.23251536 4.46402797
-25.05542209 18.50193614 5.44041351
2.72214516 11.92377828 -50.16696543
-3.11393743 3.74833100 5.14869029
-32.39839689 -11.74278745 -19.20670706
13.59372574 2.87523687 35.16132516
-0.19289995 6.91182990 4.12626060
-17.81210517 3.17329838 -2.83840229
4.50600056 -20.75278308 17.90451950
8.02670459 1.73319571 9.07465337
15.55032810 23.97601403 -13.83292810
-7.54785610 -36.77691230 50.34621761
-6.13242859 3.64463923 6.18579374
-6.98752068 -17.15128319 27.66881670
25.22460806 15.72275445 10.28358237
-1.74317981 5.37401683 2.86931763
40.44711150 -17.51857165 5.86078789
7.00555945 7.61641132 -19.08539242
-4.05339565 2.57398517 2.11755290
3.23357250 -29.35299558 -3.39429480
25.88958143 23.42231947 -24.70266491
-4.47671218 5.06528541 6.05141165
7.20372448 -7.33990197 -49.65916208
1.87420241 14.60682112 -10.82575511
8.57447310 19.14084637 -34.05897180
6.34717829 -6.35830096 3.58413412
-26.81442158 12.15817278 9.73667829
-7.96525979 -16.27780481 -10.27758278
17.63761928 -3.19098825 -23.45660558
6.00795465 11.00660538 -2.35243204
-15.48542801 3.58285718 31.72882425
-16.45537942 -16.86100085 18.00423413
-6.70679590 -3.75220996 -7.21846182
15.16031887 -27.87897039 -30.61436294
6.10152241 -23.53901308 25.94778633
-4.65588585 -12.36473000 -1.82546358
-41.52629484 -25.55744565 -0.31080591
-7.35384153 17.44682522 12.45629654
2.13872545 -7.58533439 10.00655156
19.33055382 17.52168000 3.75668377
-7.93042256 1.95580850 -0.94545732
-3.93399112 -4.34205800 4.73381444
-1.14805016 -14.67256752 -6.58169565
1.36176414 10.62813926 16.95430174
-0.81944615 -3.35659832 -2.47353570
0.38804139 -22.51352306 -27.26203411
-19.72162339 -36.79812265 -38.50275634
-5.09003338 -12.51319615 -1.38512016
50.92128783 0.61147301 30.84059502
29.06191188 4.67532558 -52.41920853
3.08039770 -2.34993346 -4.00204409
18.47563316 3.65161851 -17.59369139
-0.52963414 -33.54663222 8.68382043
-6.07936133 2.83053285 5.99744451
9.22747200 22.19242973 15.25967097
-14.54034192 12.59834952 -6.93512608
-28.27970340 16.89321943 -18.29816244
-0.02081134 -14.45973829 -1.84875322
-19.18805609 -19.01041863 -34.16106298
29.13392744 3.67207302 6.16467542
29.15033492 1.30222524 7.02522295
2.77798020 -0.32674302 -4.36375505
7.40109361 -65.27180958 -9.74118549
1.32437885 1.33721147 26.67291357
-7.67977217 5.24546321 -0.56922898
28.92912116 -14.73013021 28.11929490
2.67017799 -8.35955729 43.92352091
6.77878130 7.70670143 1.32802526
-10.41076241 -5.34852648 24.26947397
-30.26266270 6.53445384 -2.74868260
2.33657899 -16.66321440 3.65319235
2.49589229 51.16858020 7.66681320
34.07930255 -18.39325341 -6.79827398
3.17717085 -6.09445940 -1.34801676
33.75309908 -26.74090968 -3.28324559
8.97055070 -0.43877380 48.12661396
6.45104319 2.83542873 -3.47889838
-11.99847471 -35.28685793 10.28238109
16.44639491 -10.20239127 -8.35771541
4.27564162 11.22660504 4.29557694
3.32945568 6.96320819 -3.29387016
-24.46538821 14.93139833 -7.55877060
-11.28634733 -0.31434165 -6.61110262
30.60572728 -5.27612738 -10.35440589
1.72003563 2.04994604 -14.83966123
6.52492888 -17.39338165 0.68731615
-5.08203302 9.31182239 -33.44185780
37.78752060 8.40298911 5.59224401
-12.16448619 8.82488980 1.09637767
14.85071377 8.47343525 2.98479809
-3.14133402 6.25360241 4.88704776
-4.85035354 47.68752062 -47.34530252
29.44588419 36.07091313 -7.31126344
-14.02775452 3.11215191 -0.97748087
-41.21554716 2.07235331 9.71157997
-5.59015971 -7.63652499 -7.60179074
1.22047967 3.66284852 -4.61563903
19.97872146 19.00276021 12.50531428
-12.75030235 -10.32429261 -15.64423055
-0.58873886 -0.65521145 4.71408260
-1.43744617 24.70258264 5.56717371
-23.46425348 11.33390039 -1.11612490
-1.42612689 2.08168022 3.83459325
-16.80112416 4.78333173 -28.18344647
15.67816631 12.19464770 -18.91484843
12.12776003 16.89480166 -5.16091807
9.07564730 -26.28151503 -0.55603660
-22.25554795 -31.56308757 -30.24015214
-4.50384343 7.63864521 9.48862936
-1.25709427 -20.43792653 14.46510882
14.78141198 31.31290943 -25.72675584
-14.77774044 -6.02618124 1.11641430
-48.42705118 -25.91731882 29.56901324
-3.11410363 10.78816824 -35.68122951
5.28124329 5.02220076 -6.16320985
15.89602141 6.21068641 -16.73345506
-1.13279719 18.34417332 35.20162619
-2.29532335 -9.85500160 12.47864685
11.38748988 -10.69210884 -22.43484386
-23.81659553 3.99792030 12.45835575
20.87807013 31.60782785 -6.28583826
1.51813505 -3.08148071 -4.65589991
54.43083671 18.64119016 11.70128597
7.79734308 26.71209273 -36.29407296
-34.15764185 21.97459468 19.20989988
-1.78825728 1.83507851 -5.16780085
18.24206366 -3.92769285 34.11937256
-25.15399909 19.41336490 21.80730087
7.81161454 -0.91048943 -2.11201671
-2.86501989 3.02618113 7.20920756
-15.26938739 6.59475368 22.66015647
2.62632100 2.32134748 2.18182846
-25.51368322 -22.66444725 15.23089356
2.35934724 -17.82185572 -1.89488605
7.46201945 -2.67414139 -6.76707515
31.11200977 -18.33993557 -15.92669482
9.20955100 -16.11010067 21.03243915
-7.32933936 -4.70136438 -0.46613856
-48.40088073 -3.23568957 10.31878243
-17.15964018 11.14494353 1.14762467
0.41185939 -1.21406307 1.74741400
20.54032172 12.97073312 -23.73205480
-29.08734609 -35.79954672 34.17369921
8.05750974 -1.97819875 3.77468162
-28.09176719 -37.58588386 -67.65584790
-3.49827617 60.11250406 10.98395804
-10.54076098 -6.99681616 -1.44064655
7.07661020 -5.85365961 -23.54666461
18.70398507 0.12521970 1.05478283
4.79430634 -0.40576294 -3.51010517
-14.65646152 5.89377330 1.33387113
-46.94877726 18.83932020 -14.11560695
11.07857795 -24.91283983 -29.34309455
3.98942559 3.08206890 4.59105819
-39.75732093 -1.65396382 24.00475165
-15.78347591 -13.01757676 -25.17939021
7.41330851 7.40586772 -30.52941400
2.09533207 -0.61054570 3.07321349
6.54772295 2.74771032 -7.27335372
-8.98747218 -23.88739955 -7.06718612
-4.15043253 6.23452837 -3.05655125
-25.78486130 4.00937376 19.63703725
-3.36340810 -18.24924274 10.95469248
-3.75649895 -6.06029631 9.28919276
-2.90070214 19.00338116 -15.77419971
-1.09051899 -25.87754386 8.82657682
-1.30138886 7.95150328 -12.81958042
9.06657416 -17.15452674 -0.48719541
-8.49948049 -19.68341815 3.71308546
0.40951073 7.71975592 0.11718391
-14.53561273 -7.38540558 -18.39474081
0.90127548 15.51635302 -13.10460873
-4.42761180 3.98525606 2.81939169
-3.69989039 -30.92215395 9.00265479
0.30992007 6.71016716 0.87552365
-2.35248955 1.26344777 5.59146364
-14.76010867 2.72772197 -9.63880172
-8.92290725 -18.09777897 -8.43100641
6.29536854 1.71306890 -1.67079379
26.25337941 -7.39154840 -13.65490326
-17.27072857 30.77813409 -25.77046405
3.33106646 2.27626707 5.20289162
-12.85087397 38.02330021 43.46543613
15.46500313 6.20284789 -12.37449069
30.69756754 -4.88858110 0.60407022
4.64821127 10.36023911 3.01011072
25.63919757 -2.65341854 -38.49602724
26.31267466 5.31101535 -17.98282504
8.98213320 11.86432045 10.94698545
-4.70153970 -6.57202899 -6.62037058
17.26977433 -31.71565396 23.20523512
15.15575070 8.62229567 23.40152571
-3.10710943 -15.45873232 -9.95033269
-14.90427809 -33.79594599 -40.06596922
-56.08908883 13.42120294 -3.11516142
7.90356780 -3.58813287 2.15744642
19.97195812 -33.11401702 -11.77678564
-41.88840387 -20.40201688 -49.79686582
-0.73840755 12.52681878 -16.93416618
-7.73821045 6.30587374 -8.26733087
11.80553300 17.84045657 24.39642364
-1.33490977 12.39088439 -5.02190609
-22.13203453 19.90345016 15.56379414
-2.88282409 13.75137852 10.27183368
-9.30708779 -3.56677647 -5.12385316
-4.85940213 5.44582672 6.34051514
-32.01864345 45.81920530 -2.75959570
-1.27331809 -8.33247910 7.55332490
18.88174012 -36.49894004 -32.62793249
-19.42608804 38.77393026 -30.64935831
-4.06506717 -7.38212356 -6.09135283
-3.59489100 9.81690068 21.42704736
27.74198308 -42.17164702 -27.32692938
6.49816472 17.96057992 10.02913370
26.17104988 -11.30031501 34.63794896
-22.85692829 -2.90297855 -79.40532227
-15.03809798 9.03042763 -51.72881182
6.81394541 -3.60084005 8.60733197
-11.26781280 15.01541983 10.17412161
-19.36188241 -26.39278948 16.84921255
36.28384660 9.33505004 -2.10881908
-0.09149880 2.83247114 1.69418032
24.11443648 30.46679663 29.48389677
5.18280958 -3.30498705 6.91072481
-6.22984875 2.87777296 1.91800837
5.79715548 0.02271627 -0.98658333
1.51343057 -8.59324026 1.37899329
-4.68061472 5.02200383 -7.95383916
-14.84263748 0.03628497 -5.08759026
-13.84568249 -23.36893776 -18.48353727
-6.06170650 0.34996059 8.75959743
8.77397569 -6.70475350 12.30488597
-9.18052090 -1.18708225 -24.18952581
-12.60209418 3.10668487 1.15070814
7.81830509 33.10713277 14.91041113
27.17443152 23.72253592 -20.00481908
-0.42882552 -1.76434237 2.05705183
5.27669873 11.48268818 26.05671493
-18.12664630 1.90707682 -5.91384494
0.38970811 17.16441478 3.37472469
9.68684866 -15.55976025 -0.54168977
30.62109622 5.66943309 12.27504193
3.60979938 0.54338897 2.64855547
21.90279184 43.31323621 42.02865885
-17.38372943 10.97817031 -6.09008358
6.83769873 -0.80194290 0.00977023
-19.24194109 11.88248110 -5.59431069
4.45104150 -1.17043440 1.01874353
-0.11930679 -29.17139634 -8.20156484
-9.16156398 -0.77802798 1.51930751
-8.61240467 8.78731925 -16.52576476
-35.44975929 2.94467659 7.68560556
13.33525100 32.26824679 -22.47075450
5.95112298 2.65278424 0.31769533
1.87445885 -4.77228046 46.29381391
0.34051563 -19.31013532 -10.42023924
10.37815360 4.48282957 -1.74154920
15.15131944 -6.97929197 -8.77540553
-9.32008895 27.16586266 18.30927821
-6.00910007 4.75203932 -2.91402282
-12.06474528 21.19339402 -1.68858011
14.65064877 9.86772750 9.01568858
1.56188426 -1.34922848 3.34106766
-35.88665141 -1.46130401 33.81384497
-19.94406968 -9.85133500 40.62361953
-7.75762069 4.16284449 7.20214665
3.73591455 -8.20969893 26.71495829
-27.76562386 -12.94280588 19.46843912
-5.74740304 11.19843057 4.44470134
4.35356875 -45.07845047 -18.88870024
-49.02311390 14.81982154 -7.11411072
-3.07196715 4.86363008 -1.67185398
23.11427665 -32.71986733 -22.46194067
3.22475378 -10.91699992 13.64641563
-12.77806867 -7.25930971 2.96755154
8.75795388 -37.79715003 -49.20921938
14.89761724 -19.04761379 -31.56946935
5.72791613 11.84228809 6.65132570
-13.46073185 15.40863677 18.52447446
42.80168039 -24.70191123 -38.02939926
37.00677435 -16.39795182 17.42166877
-3.35634933 2.22156204 -3.36399194
-44.00245247 -3.82307784 -12.87925723
20.35421764 -1.46733829 1.07652235
-2.72857513 -10.59952291 -4.25463862
0.94566113 1.73570202 12.34204689
49.68789303 32.89688063 -34.35157355
21.91523240 -12.04412453 -13.28162616
-2.42617900 -0.51913906 -7.19182261
34.36194335 -30.74662328 6.40225085
-15.99000536 19.20706394 -10.90087136
-5.39811536 -12.53280907 1.44626926
-44.20230729 -12.18636726 -10.60809689
9.65573683 -4.31200752 -26.95700449
-1.13001625 -10.12600105 0.25470417
15.12942987 -25.81048903 -34.11234313
-10.27461844 -10.57331519 16.06687715
2.75927098 7.06578022 -9.09441877
52.44824381 -3.76319644 -4.11845809
-10.41037383 -23.48371262 49.31550420
2.31269123 -9.55694947 6.67322732
19.33385258 -13.16615576 10.72510347
-2.28716214 -8.04709756 23.28002040
5.23996465 -1.83119926 5.80231851
-9.89536131 -23.17346021 4.65810791
25.55990663 -0.05772470 4.46335327
4.93452241 8.63351716 -16.07354138
-26.42541885 24.27774128 -13.38570124
22.39713524 15.83127479 1.04904492
8.58002430 -4.66477092 -0.80713215
-10.34486596 5.87449626 -20.73993438
35.47131251 -4.58536606 -31.67156687
13.64167975 11.45337617 24.20437956
3.70944315 -8.11214309 -10.53342937
5.52322281 -7.75902957 -17.51722882
18.12315447 -17.80210445 24.90660664
9.23410010 -4.93493654 21.94829333
0.79365716 -2.02046497 -8.23086708
-10.71103724 31.96038015 -3.57903004
-1.83923071 -0.84343778 2.13959407
1.98465013 8.59276209 -6.96460083
14.57715061 -4.14025149 8.24843582
19.20287491 -50.54966654 0.79677573
-2.59589558 8.28622274 -8.94042806
17.09316146 -25.62680477 -28.55140325
44.92653539 6.83296961 -26.68942905
2.59448783 -10.93637792 -0.05315026
0.16308539 11.55758851 21.47304915
-15.10094627 -9.37009457 38.48750919
-0.24212354 0.10060360 -5.22546804
-10.45324514 30.61800121 8.72931588
-22.32936347 17.00268908 44.37927062
-2.06487614 0.35174458 9.12069213
-1.96566921 -8.60489959 -5.40353682
3.19954095 -13.37313401 3.69802677
15.20934846 -0.60751475 1.23287755
29.93120457 26.97641554 -16.15894705
21.09018104 -6.78338312 -17.71541342
-4.63046855 -14.57007234 3.65771359
-6.55539959 -13.65701473 32.77666807
-21.72287253 -12.96570234 16.57189872
-3.35839791 -9.61393255 -5.90308953
-10.36025082 -3.73988330 40.46630892
5.51250201 -1.10111137 -22.74632857
-65.94646835 19.36171030 21.65772018
5.33928796 -1.89064246 -8.19289526
16.67118701 1.69597075 20.72441345
-4.09855531 16.28880535 13.18542021
-45.53005951 -8.61138281 -9.42533300
