#FRAME COMPONENT
          21           5
#DESCRIPTOR
          17          32          32
#ID EL NBONDS BONDED_IDS
          41  C            2          49          42
          42  C            2          41          43
          43  C            2          42          44
          44  C            2          43          45
          45  C            2          44          46
          46  C            2          45         103
          49  C            1          41
         101  C            2         109         102
         102  C            2         101         103
         103  C            3         104         102          46
         104  C            2         105         103
         105  C            2         104         106
         106  C            2         105         107
         107  C            2         106         108
         108  C            2         107         110
         109  C            1         101
         110  C            1         108
