-2.21450219 1.78323794 2.19025673
4.23882372 -12.98962238 -34.27862129
1.79492552 -38.05620116 2.41212139
1.43190379 5.34578758 -5.33912804
-40.26988628 -6.40332414 -9.49177098
6.17079264 32.03695476 19.04347833
3.40768903 -12.42331039 -6.00954195
-5.36042408 -3.97213750 3.10695215
2.07930476 -7.89127839 3.21769621
2.39368460 -9.62708456 0.53505180
-2.67337785 -18.43298585 5.70620055
9.75904333 9.27461679 4.28607388
4.93022096 9.33800144 9.63769175
12.03841643 -5.18239610 -18.98548796
-31.12910754 -6.58761476 1.79350451
6.57232878 1.33664352 3.81534005
-40.44069850 13.06111012 -2.92729669
-20.03343619 18.24216401 22.28581611
-2.34136852 4.97019766 0.20969957
-4.22634473 11.96722417 7.54814520
-4.89455549 4.35119827 3.42027444
-1.75915536 1.13892272 3.74533551
31.44741066 -11.09871066 -5.91572608
-14.16669969 13.67437709 -21.13572112
-1.06499185 4.78733503 -2.91418895
24.47537460 -10.73046674 16.11678628
-3.46994282 -8.98052706 -19.77546897
10.11551277 4.03769611 -18.51028986
-8.22887139 -5.13622983 -1.00170534
-9.06379973 -22.54732891 19.68117841
3.88949542 -59.44441632 -14.02566007
8.74677531 14.57380504 2.73133546
-2.68451503 5.77793789 -5.86641695
-10.86948978 1.93782994 -13.37458766
1.21501089 6.65722333 20.39042565
8.22742690 -6.70965340 -4.14351352
-16.20700714 1.96972279 14.10027359
11.81445449 -8.57753574 -39.68085684
-2.14204498 1.36290332 -4.91563095
16.98462310 -12.33238538 15.03447433
11.85995312 26.69558660 -5.95923717
0.58910886 -2.01234752 1.62958700
-15.71254259 -2.15394185 19.18909866
25.92117477 30.56666036 17.48303112
-1.97268004 -6.31391347 -0.45138006
14.02881043 -10.71586510 -7.04408216
9.66786600 -17.69776304 22.50692337
-5.31154640 1.37418268 -6.22076896
-11.83150209 29.02442762 -22.83344621
-25.70213115 -26.19284354 -32.61694449
6.15797359 2.10710715 -6.85127741
-23.27767475 -1.71208261 4.20421592
-18.63606466 -14.09769969 14.86894728
3.52270991 10.45623969 10.47297631
-15.15128157 -4.81125319 1.22412568
-11.51130557 14.91239857 46.99700327
-9.21861335 -2.12306868 7.11042205
-26.25067092 4.68122009 -21.69248374
3.45118576 0.17388581 11.98860902
-15.72172700 -19.03791125 8.57979192
-1.61839721 12.05986717 -4.41439017
29.84202462 5.47473337 -13.25432034
-23.19352137 19.71767960 18.84127607
-11.81293572 11.16909999 14.60835955
-4.98340994 4.29571333 19.75829515
61.84291161 -39.48901981 -5.76995895
-21.80096516 3.91825742 23.92967679
4.09760327 6.67225071 -2.15423997
-13.22121157 15.07099664 -26.40189599
-5.25216434 34.11570571 -20.29387298
-2.42338929 1.00923860 0.31869356
-22.54936695 -18.15678925 46.04739972
-10.52402120 37.82624934 -25.57415579
6.64939866 6.11262603 2.18770070
27.40216605 -19.65201574 -1.34611244
2.52412137 -2.49885511 -2.47367299
-5.67886051 1.75610645 0.37352802
-16.33233920 -29.85125351 25.73113710
52.81758668 24.26678313 5.87560861
-3.81532988 -4.58378774 4.96160327
-6.10528853 -9.39118148 16.19371083
-8.13644846 13.83891085 -29.60123611
-7.89204196 -2.18151820 8.79233587
-8.97583773 15.13905546 -4.90990269
5.65180685 -2.15240064 12.40906775
9.38289217 4.05215139 5.03628370
9.47996103 -11.96527657 19.44811506
-21.82222707 18.98792291 -5.14439005
-1.08562822 -4.56101127 4.19063705
17.84322711 -4.01239677 11.33346177
-4.41451599 5.10248941 5.03692576
9.58155974 -12.49061203 -2.92730192
3.01333858 7.54929992 -2.20143657
-10.32834480 -8.96533303 35.38874358
13.08577015 26.06615375 6.78591375
-20.50629873 -33.63904978 -10.89931626
-3.55102441 0.89369445 -4.85809728
29.92227759 11.86822892 -0.87210168
25.38026926 17.43195495 33.66287307
5.85070305 13.21527932 7.48494996
24.00528778 13.43894341 27.09308533
-4.33250148 3.27071824 -7.85815469
-2.56533472 4.03585111 2.93755889
22.01066769 3.92510863 -21.40210001
-14.42206539 -11.53014971 5.29178768
6.32229385 -8.67674298 -0.56939579
8.56779678 19.48249246 -18.38214648
-7.46232195 -47.40886704 16.25846906
5.05616913 1.83519349 -4.48237580
16.79831587 -8.79916984 10.54132719
-18.74976262 45.08656321 -11.09457538
2.82837481 0.52293467 -10.87278317
0.22926652 -35.41758079 -13.46042265
8.14060478 31.45422477 0.46789781
-9.96293770 -5.90972240 -4.00339212
24.37307536 -0.42220693 -11.05100006
-14.39357689 -15.72480732 1.16046212
-6.79070483 -1.40918220 -0.26276155
14.78865921 20.11672838 -27.68305565
-20.36062414 -8.95986285 25.43305545
4.78591020 2.80996822 -1.29376027
2.70910991 -4.07643239 5.17756843
13.83413137 15.14593458 -6.37203729
11.12732456 33.60748164 -20.30285808
4.05978831 -5.83252295 1.79170609
10.73493122 -3.02508894 -6.64206817
-0.35880753 3.62701629 -7.50082093
17.44862797 -5.71737676 -15.72676171
-2.68431245 3.56991505 5.22266155
18.27814902 -1.62530008 8.07415753
-12.54535431 13.40348390 12.68844924
-4.97517009 8.69382991 8.72500071
10.04267913 -19.63187693 45.10826157
-32.31489738 -16.21841081 -2.30294930
-3.53080195 -1.90738234 10.39486522
-7.98326035 3.16495256 16.43161318
-6.27838066 -20.61775477 35.36835588
9.21395774 3.64416580 -4.40825773
10.16511299 28.87020728 45.12764400
5.29942054 -0.06543147 -10.19534513
5.20163114 8.04627841 -10.94185634
-15.85656920 6.31313963 -10.23076642
22.82464912 13.81637353 -22.19366028
0.13201505 -0.65361663 1.16458402
-15.76220111 -7.10477367 -43.50903099
-23.62484349 -9.52428054 -3.05403112
1.08603121 -0.01004260 -10.82898356
13.55173901 -13.99858801 -1.79688594
28.59682102 3.14783452 2.25773989
-5.80639939 8.56172175 2.08020013
-0.17725357 -5.55294368 3.67284429
-5.88316841 11.27800296 -12.22192030
-16.80707202 0.42661353 -0.29626094
-10.69929572 -24.26992010 17.33322701
-9.04714404 -22.79699678 -2.51330035
-31.88389508 41.46492210 -9.08686546
-4.77785114 3.94207210 2.04643219
-6.26683047 19.47878674 1.75881002
-16.43402178 -14.41599001 44.48204718
25.21099002 10.75036572 1.76256611
4.36044614 5.87519063 -9.64847556
51.53558533 -5.61259223 -4.30343019
27.55065548 23.06643201 13.62996732
-20.14765377 -5.80412977 0.59870314
-11.17653831 14.91444477 4.93271779
-25.53687955 10.33165781 -20.87412093
-0.58242829 -10.75588106 6.30575294
-9.33358120 9.85471402 -1.95700815
2.15653577 -6.81038779 32.30260708
-3.97311354 0.77590099 12.07853159
16.54952019 8.16794782 7.35855334
-17.51076913 16.24476009 -5.14364802
-2.16307816 9.31631081 3.83128910
8.14238489 24.87289818 53.92154397
-18.20510554 -16.68475633 -7.43744372
-2.60095084 -8.09256672 1.07815117
8.67584665 12.24337954 18.73883118
-14.22523224 -15.02082454 -9.22146369
-2.58317445 3.36996797 -4.90651309
-19.03262974 -17.83111994 1.82861782
19.14757228 8.30159088 17.85787117
3.50560154 4.12831409 -0.96797904
2.09051546 -11.10993952 23.01279646
33.85406165 -10.49429709 -44.49164974
6.60809306 -8.09728141 -1.28625394
-13.31064833 5.28535780 8.70090290
-10.84767830 8.20398212 -1.12797476
-16.04528617 -2.81373777 -4.96927610
-3.55618468 -2.76979126 5.46350559
22.17955984 -0.19980932 -39.44933074
-17.57676449 -9.55711715 12.41718868
3.53764602 33.61902603 -2.24064896
9.26938833 0.42483505 -5.26522848
-13.86740804 -24.69544325 -5.89922775
0.63787299 -56.40479782 5.08366244
14.05756304 10.96399978 3.71868822
-35.36355565 0.51981116 11.25517120
-25.08213898 4.54942439 -4.57961799
-21.49427491 -15.23850033 -1.04879293
33.71738322 10.35652213 16.79135550
-3.67382432 43.03598977 -37.96471005
-8.70952021 1.58158577 11.53039174
-28.03962600 -8.57310638 51.58438582
-63.45179871 -27.78231915 25.16676000
-2.87842197 4.05189942 -5.87968832
-1.57990983 61.03724512 11.34654919
106.24935887 -56.83477492 52.60406391
0.05513525 -1.26376121 -6.68786512
64.06190133 11.89048184 -35.89132566
-47.00589566 12.78341949 30.13518886
7.19497099 12.55765210 -7.41160708
39.56116884 -12.94252969 -32.22681870
-30.62062610 15.74560333 13.97927344
8.62525894 -6.25135203 6.41994453
-16.89287092 -24.16573562 14.24340279
41.17945897 29.14109293 -32.19129280
-9.21513374 11.39181676 0.84928400
-51.32695381 -41.99901791 6.04263729
28.41831584 1.05442943 20.10958869
3.68721950 -13.61112353 -48.35463712
-10.78489540 12.56277780 -6.88615086
38.17818362 7.79133260 -15.39662525
1.73825768 -40.93786001 29.23780063
3.11034664 -21.35493726 42.42381070
-1.29711738 -3.23171519 -8.31510637
15.35717786 7.98960693 12.88807829
11.55468080 -15.56073687 24.61891686
0.65697767 -0.02685696 3.05195123
-3.35507380 4.81852663 -25.45510782
14.80108031 3.28338342 -7.69470339
4.56681152 4.34454075 0.30293509
-22.78957438 -13.88577809 -6.57195988
-28.13999146 17.10553248 -20.31534606
-6.58264489 1.42635923 0.92749847
-27.21964476 -12.45961200 16.85691894
44.81741695 12.37094375 -19.44636649
-0.88124798 14.57953493 1.63456951
29.81378120 -4.68292737 -35.59024417
-41.48558775 11.26317509 -0.89105689
1.43519908 3.28489857 3.44378546
5.64909815 -76.00057449 -16.92773616
22.84873938 -11.81134705 5.92842199
2.77740517 -8.35306761 1.98620679
-16.65083654 -0.31513335 9.96552373
-25.59402613 -0.92410897 9.08454154
2.97253786 -9.62685095 -7.93192799
5.62630125 -19.58803636 -16.61111415
-17.92183037 9.80316983 -19.98658203
7.09208011 4.94179955 -4.07576405
29.83617927 29.14279077 9.27077020
-7.99770032 -14.37135097 -11.65060189
7.74908785 14.36173523 -19.39982275
-11.63071338 7.63491322 8.68754062
8.71603644 -25.21421220 -20.00416770
-35.09504013 22.18615955 0.47599146
2.12907799 -3.93855682 13.01185651
-2.09609814 6.97282479 6.54125412
-8.80127199 6.08511529 -2.89650268
-3.77244739 0.22518006 10.44996192
5.16784476 -7.49525092 2.29369532
38.97157607 -29.96908943 -37.20712937
8.37917580 -10.10166645 19.04601033
5.56365557 -13.65757394 -3.45747472
25.48452805 -2.62397628 9.53968040
-7.18293496 -2.84482863 69.79753577
7.97804744 -0.49313547 -7.20745548
-16.29181853 -3.32827923 32.06891988
6.53598275 -7.48598489 -21.29314495
1.99933038 -1.52066115 -9.80847503
-31.32653328 -10.80722923 0.94017644
-34.09186804 -19.98131009 8.66202979
0.19657588 -6.29231689 -10.22815764
1.56024578 -18.85092901 25.84314502
-15.65529957 1.87481276 -4.94259745
-1.44200346 -5.45134902 6.05418588
-6.55042525 2.38431700 -13.63920127
49.72164233 8.09608234 21.92969684
6.99169592 -11.58353187 1.63036773
-13.50419587 -20.65183578 31.44442829
3.76882732 -21.68606440 7.30436210
1.49470349 2.16243673 -0.35644806
34.19809161 15.38939862 11.02252274
-17.30967118 -4.17989458 16.93234578
28.33073825 -8.84396446 -3.83119792
-16.69038267 -16.01961057 -8.70787397
10.38411097 40.60823875 -30.98738514
15.11074685 -2.09910388 -18.75055160
-7.13133070 -45.81750364 -9.42835467
2.78499232 -2.09469552 -8.55547189
35.10414960 9.26976465 -6.99674219
-3.02919030 -21.00302404 -17.09791776
1.91520667 -6.49986084 7.29937932
-19.32730643 25.83888873 -4.94682447
8.95588711 -22.65748258 4.07424181
4.16304431 -2.58968058 -6.78799915
19.35882799 34.31573729 29.69427738
-5.07195667 -22.94096954 -25.81521768
8.41045463 2.22837175 4.24899570
-10.93316398 -22.56350458 -35.47452998
-11.68132660 -5.97797233 -6.97154682
-1.00139098 3.71909147 9.10301278
-0.18523895 3.30780328 10.75735229
5.60651817 -11.46770456 -7.22631223
-7.48471428 -2.58732241 -3.62618853
14.02372727 -45.60792588 27.95019969
11.58488028 -21.49622968 -6.04917413
7.68805330 -6.74927557 6.00808147
-13.90595278 -25.46789983 -13.14761281
25.29414358 12.89293228 22.80978721
-5.98450970 1.33735465 -14.07158153
-8.65515713 -20.47039601 26.78925265
-15.99022326 -16.11562433 -33.13939216
8.50846335 6.65984582 3.41571176
-0.85059378 17.68658555 -6.44340080
-15.24565914 3.15933634 11.08326390
-12.75584172 2.27778380 7.17549071
-6.53269936 0.59315119 -4.36266639
3.87245806 -6.05190900 -28.00070747
-18.84668600 -0.39816501 -49.01189104
10.53742049 -24.62911170 10.07235276
5.87820920 -2.09162600 5.45411487
12.11175537 1.01777458 -25.14486849
-57.48402199 0.88505504 -31.22348509
17.69833293 11.21221085 6.09491204
-19.69497673 -6.61946575 44.82617704
9.90155502 -23.57011781 -25.19319356
-11.20239800 0.37301976 -2.03728625
18.63882807 -25.23316982 32.34088798
-22.76259282 -30.44946540 11.37403866
1.25969611 -5.43233289 0.74385245
7.65807605 -8.78747673 -9.03324029
40.49743772 23.66301677 -1.97615425
-2.58598106 -17.71877392 4.25147456
11.24777265 -3.75884993 33.63284059
-3.66889317 -5.51184353 -53.05171237
-1.19106388 -5.10391559 -9.02811833
40.86304147 -16.48218561 -37.97601360
6.13746371 -16.29553774 -23.83739628
2.77646255 -4.73615947 -5.89531247
-13.94575555 -15.43536416 34.08411077
-22.03673172 2.42678677 9.67667328
12.37290512 1.83666100 -10.82754342
53.05763703 -35.24485851 9.70226720
-8.95543373 36.50319882 -24.01070741
11.68821308 11.72809883 -8.30284951
8.02725074 -29.35454114 18.63131588
53.56046501 -25.26164800 -2.68167499
-99.97070646 73.33340310 -53.10278539
-0.01624159 6.09800775 14.24362762
-8.55951224 -42.82029447 -0.14534653
-4.97180958 1.17005717 -11.32624020
-71.72155644 14.27577610 -14.52036430
