2.37386294 6.45026925 3.29275886
2.44256832 -30.41389548 -18.08585602
10.80576899 -50.89065184 34.16930859
-7.47458842 -1.08031112 -5.37315416
-18.59748137 -11.15637617 -19.62930505
1.69739966 10.67192004 -15.24701904
-1.67669241 -6.50137791 0.86326657
19.41931021 7.01727685 25.30705537
10.56485887 1.09854979 4.45074997
-0.57577935 -7.25398803 9.83745441
2.19785562 -2.67060520 11.69049423
-18.19275786 46.66934757 -20.16043168
-5.85277549 11.23052282 -0.54347335
-3.84752996 7.84505662 -14.43025802
-34.99899281 -32.98884085 -10.70195265
5.00941571 -1.96457310 -1.27716253
-30.36775926 -5.71110983 1.83627334
0.89346427 -19.65757829 -7.79788310
0.13328372 1.44900424 -10.99434034
-12.66122795 21.22588266 13.70948803
-27.41161813 -30.84261580 -37.57998628
-6.83065273 -0.53406032 3.58057401
-3.45529133 -8.49412037 12.08324378
-0.06131415 9.86356107 12.52354193
-7.09311170 -11.62947162 1.80850416
6.16729500 -30.50975605 5.56056394
-20.68652389 -14.63303246 -50.96108735
22.32094031 -12.56191590 12.36711045
-12.99348062 0.47559934 8.75075517
28.09909646 4.36907140 -0.91841738
11.42163544 -4.30346345 -1.58734668
12.84378845 41.57552142 22.76836373
9.94012321 9.74406059 -2.17867830
5.43891541 -10.37584053 -7.55435186
8.36820570 15.95521063 -28.42293388
-3.73056500 -3.65978731 13.12953411
2.51624682 20.72294157 -29.02126631
-30.59407027 -23.51100108 -5.58449808
-1.07112865 5.42916777 -2.75254088
-14.61452809 2.64896396 10.20787313
9.40182952 -13.10185449 -13.20918473
1.25574109 -8.15388742 -0.21578122
-14.44605384 -2.74055498 30.05435391
28.03429707 43.31180080 2.05532768
2.66833949 -4.88578528 9.81503084
-25.52311089 -3.75370554 9.68008989
8.84831871 7.24065035 -18.78967003
3.84360669 -5.13759909 2.56093299
-12.12078968 -4.15052496 -19.89953010
54.20809196 23.25348665 -22.14856875
3.16055087 -9.99405437 3.32477999
3.02644711 -10.70862838 41.60678382
-21.90611895 2.32231810 -13.67853781
-7.67183453 -3.41980857 -3.45023827
-23.68866576 19.87940704 -3.41940986
-3.12787903 -41.29884743 28.08765530
1.85383648 6.44046165 0.72858607
9.19948136 -9.03187396 -14.73467669
2.00450850 -30.91892085 6.30450042
-25.91914233 -16.38674515 -10.40761365
1.34311553 -0.04379620 6.20294689
16.67028552 -17.22608695 24.68866901
-21.92802894 17.54216279 -0.52275542
-3.77794830 11.94508626 -30.07961789
3.85854005 4.70840402 -5.84985542
-11.67799490 -25.66312189 28.67105538
-23.58622582 8.93171635 20.96611410
-7.53310626 0.81796878 9.27561040
-0.72146792 14.51763855 -20.59464293
-20.41453329 32.22965287 5.17199472
-0.33272329 1.16573587 -5.88698709
15.20188352 -14.23874400 -27.23432306
-23.99504957 -20.43377883 44.74170464
3.54888071 2.23583521 1.14375021
-8.76937032 20.54085315 -8.83565231
5.57813144 29.24464898 10.25717660
-6.29377024 -2.51585937 -2.09496370
3.76866201 8.81643592 29.55912713
-28.18216978 10.25248919 15.63783665
-7.95808931 6.43418715 -4.04707018
-11.49384167 -36.70653458 -10.37035504
-32.03964926 0.63859899 -1.73671867
3.73956462 3.03205809 11.24044077
-24.39350606 23.02957022 2.92631019
-30.55663820 8.15133413 -41.44826909
6.31796417 4.52204154 3.87122876
6.60188239 0.07261116 -17.66145463
-26.14957735 -19.70543769 10.78433133
-2.36784018 4.68635811 -2.54970778
4.83644762 16.55285123 -8.80232448
-9.19710885 -21.08292750 3.02651366
-2.47116049 13.24272443 -4.95270628
1.31502281 3.09143198 -10.22104346
-2.26875547 3.34655096 13.49732792
10.87762645 -14.52682154 6.33985480
47.55954361 6.74762180 42.86303081
2.39340711 8.07879699 -3.78977882
-26.62192399 13.51734319 0.98243889
-17.57758723 2.93963240 14.65511918
0.07355735 2.75233637 5.20754925
0.14478567 -10.71847173 7.03063784
26.15287817 4.52391235 15.05635217
6.25087645 -0.36304878 -7.33712112
-16.86375470 4.02496768 -31.19881894
16.85546245 3.28687814 -9.73701007
-10.23249997 2.51911226 9.42744426
-1.71583821 29.64683703 49.01200928
-25.86592930 -10.11712883 -7.18008561
-2.05939560 -1.31796465 -1.55681537
-16.06111253 21.35452455 -30.07907134
15.37400109 22.06069696 22.30075012
-5.15572892 -2.56528243 -4.21410358
23.31004441 16.19911198 -30.85553733
-17.32583474 27.78323132 43.68335956
-5.51556209 4.08578075 0.68641307
11.33506903 19.34662381 19.07496140
16.82624035 -27.22402242 -24.26976207
-5.67472027 9.73683637 3.17287964
-34.59433297 -6.00335585 -20.35767312
11.51651206 -17.64470296 -0.71752418
5.00866270 -4.26044329 2.43445675
-14.18132151 -6.30513771 6.39014808
13.28794503 31.76725462 33.27639019
4.20407436 3.42961823 -18.65419761
0.57651991 -3.52246257 -10.23371445
9.55634779 -10.15464795 6.40948935
-25.92148837 5.48769046 -2.07658258
-35.89862701 -4.55005848 -36.63377912
-5.76128973 0.84849552 -11.93505273
-17.30761922 -12.15690264 -2.29744811
9.24208516 -45.25483515 50.36622280
9.46848392 -1.68961666 -4.72866555
22.71543965 -45.86074231 51.35440796
16.80358641 27.11353968 6.07193434
-3.68303014 -2.46420907 5.53421358
-16.02040165 -7.70430787 -23.93233443
-21.51499668 30.24512186 4.27661644
14.87359892 5.97367638 -0.05825670
7.20111786 -9.41008328 -33.98127739
31.90480654 68.84759173 -28.12411132
-0.31516612 -1.06467240 7.98709481
-33.41801665 18.26761674 -8.02938215
-6.09639195 -54.40297832 25.88751326
4.87969277 -5.66613197 -11.50948617
19.91337122 20.56965437 53.44292128
-22.64405407 -36.76948951 2.17426092
-14.66386757 1.14894663 -12.17843087
55.32212525 8.53316975 26.00247570
30.16591622 42.54820621 17.96874325
-10.43404250 0.14602173 -9.90064353
26.63287275 12.18228053 9.99254592
12.54710529 -10.54535122 -45.90493716
5.98029814 1.05402636 -5.85951024
19.98124660 10.60031049 30.37534810
-24.57541487 -14.98099886 12.48513777
-39.25819846 2.78509223 0.91711081
-1.70551247 -12.52230967 -1.38923230
45.15892021 2.40564565 -3.26686804
-22.57260533 26.39772576 16.51373696
49.54792110 2.46381940 -7.01684911
1.04832096 -6.55374558 0.62681479
-38.08334453 0.32669520 -6.14670115
-0.09923532 30.78702717 -14.42397775
2.18777472 -2.23026125 1.80730125
-21.93983384 -5.48220951 -0.68108406
25.56027434 14.42347915 30.85642469
-3.13708402 -2.11985048 -9.87500947
-1.42883148 9.71358591 -0.01265180
37.65354752 16.97275341 2.35876526
-4.93189309 2.75417278 8.42631870
-34.24564538 1.11694032 -6.69120332
38.52682658 18.79295078 28.23710169
-0.79410030 -7.42931293 3.71023425
-20.73565714 -6.57010896 -4.19260894
8.15182269 -15.12608836 -31.47978390
-3.68992841 5.17321925 -11.86304293
-1.41625679 -12.50690832 -21.74899814
20.77867212 -9.40432914 27.48571663
7.50958457 -1.71091608 -4.16293678
25.39477803 7.59506435 14.37742350
19.39246614 1.64193378 27.24934004
4.00010987 3.08624710 -0.55612467
11.24016526 -6.14487251 -12.97257616
4.51639294 -8.47367361 8.49801777
3.42549300 5.08094648 3.03128655
-24.51156953 3.30826263 10.68443915
-7.01110050 -32.65258683 0.04864899
10.00540915 -7.67434156 16.37847417
10.69897662 9.32786755 -11.51227075
35.69984054 -4.82075091 10.82360414
23.55584026 16.15551728 -1.75022069
24.10295197 18.45910607 6.92756098
-9.06793823 1.09847037 4.26077495
11.95371376 24.79758554 -7.42667487
23.31490672 -26.14724528 16.27272083
4.54922351 3.64999549 -4.22708323
-25.87228958 0.01909223 12.05008373
13.90900191 18.79233133 20.22740477
11.61588375 4.09375986 4.08359873
-4.35379259 -0.63051105 7.49656355
-12.57185672 20.43356488 -0.43998458
-3.93495689 -7.03390511 -4.04378896
7.89873509 -27.07374482 20.46024608
-34.99824806 -0.41915098 -12.58867947
6.21364046 -13.95907029 -8.88738449
-21.33008537 -6.31529207 1.12381604
-2.58257826 -28.29507418 -3.78868239
-10.58730440 -4.09657991 -1.58608349
-47.53419356 33.07649192 -28.26714231
-51.79767829 -1.00773234 -19.55915021
16.22633358 -0.89291627 -8.97297512
-72.27180160 -17.80301218 13.23137071
26.95932624 21.94436670 28.23242985
8.01921710 12.70664257 2.49454431
-5.86637533 30.86679362 22.80174305
33.26291955 37.08834011 -10.68340955
6.60942749 6.81762406 2.01376076
8.17281569 28.11232499 -42.29497114
31.40055014 0.08394386 -11.60660774
-10.49227432 -13.34904050 18.63648205
-4.57481184 1.74115590 -14.44262900
-9.64643603 25.16811776 17.46311915
-4.45097870 15.44463854 -2.10116042
-47.32716889 -1.01646818 14.54095671
1.14157725 4.28119820 9.58255741
-7.58772830 5.63734608 31.55967445
-17.47070709 23.52641061 6.58555998
-7.16032446 -1.20376908 -3.41518049
-12.63741168 -6.45115059 -12.54704413
15.08255097 -54.07831358 -20.16126323
-14.41942820 -7.01769845 -0.40379646
-6.86807217 -16.58041985 -15.69913193
-23.43816419 6.73114915 -21.18377303
-2.70313204 -0.39597147 3.74395218
4.34064818 -5.30846116 -12.65239314
-7.55655895 -7.28380256 4.33474687
4.57719792 2.94859564 0.28359471
-17.01753573 18.87574768 -24.72054844
8.18135659 -3.84580087 -19.56131829
7.56289713 -0.14780969 4.44607645
2.50873991 -9.92397147 8.82811868
-19.26620214 24.52068860 19.38983956
8.91894819 8.52298762 0.16769289
-20.20575561 4.43117426 41.90156093
12.73968822 14.13218907 -24.22288111
-7.38270492 8.77013055 5.72334297
-6.30417916 22.39461481 -15.29302069
-16.53347609 16.56376211 5.22460499
8.01361928 1.45598717 5.98539483
-28.75864475 11.33897246 17.47445285
-20.10934901 43.83497488 28.27400138
24.37105034 15.11669617 2.04464940
2.08572377 -5.17066297 8.87027588
18.52647893 -9.48701805 -27.45368737
22.94918051 -10.70153193 -17.96437622
-2.97002190 -11.97398926 9.49074513
8.91347861 1.51188909 1.66666309
-28.99311333 4.42938503 -15.99658119
-33.25719002 4.62806788 -2.19665006
-1.53825805 8.18526349 -6.02156122
-2.64273518 2.45738371 9.35329592
4.95462363 20.89560244 -12.37705287
-5.99881921 -7.41098687 0.60216173
7.64905823 -15.53859400 1.63373785
18.75092600 46.71386266 3.68582558
-6.93749951 -8.69746996 -5.30224072
-34.60663572 17.72393540 39.64809798
-7.07971622 19.30689864 2.36796342
-4.69030940 -7.46936226 4.54566906
19.25270851 -8.26815169 -8.39102991
41.33052877 -21.74328354 -17.94435608
-8.47370946 -2.16475602 -8.25253083
10.04403656 -6.04795197 -24.95575796
10.44559681 -16.90566405 6.71613846
-3.16509485 -1.20271058 -5.25889742
20.61108192 -0.44309631 23.69829210
-5.24487281 -9.00390094 -19.16624457
5.86881160 -11.07034679 -5.78764492
-7.42350461 21.27549701 -0.84584422
21.00633517 10.48620927 18.32186072
-0.94793011 1.62583895 7.32261275
-20.81061593 3.00257438 17.93936125
26.63844179 -10.52661529 20.78250350
-19.09508207 20.58802591 10.49239988
-8.45854378 2.88854724 -6.25827253
15.75842211 -18.35095479 7.88218004
-22.55116397 -21.76986017 8.26244452
-27.92501800 9.83687423 -8.07216329
5.89252324 11.30580287 -0.87754490
-11.11869258 16.72195886 18.11034073
-0.35952175 0.07932130 -3.05945519
6.83364713 1.38492218 0.15876714
-15.53834658 33.19085371 16.07201636
-14.22848931 7.97675383 -37.63863116
3.46912862 3.39771068 -2.03289955
12.97256529 -39.13691792 13.87412629
-14.16324362 -5.27202559 -5.82973594
0.64213562 3.62887191 4.26947726
13.39144547 27.80637120 -6.02001027
-7.36310409 22.83825958 22.38894676
6.69236006 -1.90283638 0.03115890
-0.11694983 -3.38983671 17.75303294
-19.98806197 -32.84371793 0.43515497
11.82878297 6.15992793 -1.43117142
17.91423950 21.53197863 -2.48903609
-16.62428432 6.11326934 19.32466660
7.88749598 -6.60351450 -6.55984138
-0.80644346 2.01184571 44.69904914
25.00217879 -17.63147908 6.86976438
2.96236816 3.75136328 -3.76635908
18.05557885 24.82533098 -36.87345730
2.47282401 8.36401145 14.25679703
1.05412428 -8.67200649 6.79084133
1.36535088 -2.13198702 23.76627336
-14.63188050 -23.88929127 7.41202482
-7.87461473 3.07406935 5.55658445
-5.38695280 -9.16495178 3.71628128
14.03355899 41.36537495 -16.87862873
31.26052804 -11.43179463 14.86141299
22.85426999 -37.33671244 17.26575541
-0.56678938 -3.84657742 -0.53969167
-10.58864063 25.93065873 31.32678876
-26.05760228 2.63511549 4.65043494
-10.78692127 -3.72651239 9.52777444
-19.92824700 -3.30667449 12.80087224
40.79516984 -30.22650169 -16.82425173
0.95418289 -4.15160645 -3.03624252
19.23875689 -7.30427129 -32.83551587
-22.75772040 21.42259398 5.25439113
8.61967013 -4.02284583 8.80026927
9.39926068 -17.60603508 4.85707310
35.62399663 -2.25578166 21.18115161
11.65539246 -4.31965542 -6.11887827
20.15317058 -9.84554533 16.91678655
3.08693462 -5.82873610 9.64603860
3.29796506 2.79681647 5.06215383
-10.75768356 29.07708954 -23.87874372
-21.03008945 -0.90829593 -11.03948036
0.52841166 2.74022751 5.39600970
5.34451717 13.02116098 -16.37958353
9.19580599 -0.39951332 9.27825243
2.99040483 -11.04419801 7.97115179
-8.94959735 1.82716006 -29.53257202
-9.96895860 -4.50383571 -13.09647498
6.87527133 0.79588895 2.78300918
-9.89222867 -18.88833758 4.97595726
11.04105266 -53.73556081 -19.11486338
23.77456628 -11.89872347 -2.83893539
-7.64510630 -8.89950832 -5.66843098
-20.38408371 -23.38764231 -6.83080775
-7.40952888 -1.35034975 -0.45656617
-35.56167126 13.61135576 -20.90183979
