5.37401132 2.99173392 5.85902557
41.66987574 -37.55854962 -21.62549946
-29.52437652 -10.93608898 14.80099423
4.57035799 -19.45431752 1.91553356
16.07606260 -13.92787456 11.07530894
16.57433679 -5.51694395 -33.45510975
-2.70349024 -17.05752323 -5.47921938
27.80422199 30.16521857 -9.08726658
21.39104971 -7.27617440 -16.88363411
1.53927811 17.48344916 8.05261425
2.84641375 -6.20657343 16.18985512
38.80797440 -34.88288429 18.71146486
-8.91000484 -12.62416130 -0.71629921
20.76607676 46.64622431 60.63344595
-10.29036467 3.48596606 -4.82927616
-0.98944592 8.18829232 -11.57661244
-42.12819132 -18.54894503 13.97711901
-36.00801359 -9.00663640 -40.46732714
2.96351133 0.87783974 1.48212233
-12.88760730 40.82028394 -10.11362723
-28.12370496 -44.45515159 -10.99045758
4.11592484 13.36002614 2.85415268
28.52839230 -14.53635919 62.73999161
37.39337867 6.23366886 72.11995402
-2.62343987 1.55348683 -5.95958637
32.87926906 -24.09132384 -49.29658230
12.48249842 7.49814714 29.60126079
-2.70109829 -8.08955910 44.23902636
8.71470179 9.13461996 -0.83253992
-28.12737988 6.06101818 -32.77819899
-51.51949749 -19.39439718 -0.67866448
-13.91106599 54.89175154 -44.95420189
-8.30619309 2.33722842 -3.99808294
12.23071931 -10.37370852 6.40479068
10.31144747 -10.59337727 -21.97873449
2.05335208 14.83171664 9.30082484
18.44932319 14.92565284 0.67595349
0.55619494 33.88240611 38.42913589
2.75259185 2.92796764 14.74563090
-24.07789259 56.85766688 -15.89685141
-9.11818818 0.06065766 3.58454411
-9.97650525 2.99538833 3.04254990
-40.69266747 -6.85723709 18.67451618
21.06850912 2.73334349 -9.45038215
8.38529700 2.55630866 1.81728807
31.14447480 -26.09730031 -21.92280363
14.95992050 9.58193460 -17.41861795
-5.51869032 7.25481059 -9.48957006
-2.02837574 -10.29611969 -15.70624398
-5.10039748 -19.81245051 -32.76337651
-0.40339618 -4.87537124 -9.88426001
10.02979710 -19.03265755 -0.63378728
33.30710350 -4.57416556 -5.64621915
8.07070608 -1.97613094 8.68755667
24.85035899 0.99631542 21.69696401
-15.01651868 -28.20421814 5.62167328
-3.39280472 3.36560702 -7.18860607
3.27354926 -10.01956041 25.07652969
9.76571861 4.70527928 23.22604540
-24.59874852 -3.32431161 -16.80074445
2.39233575 -6.06430143 2.08367280
-9.85066653 -1.77456011 -12.17748556
8.76532291 25.58722699 14.07729538
17.16767241 0.31033881 -4.78717499
6.52716842 -4.99743983 -10.91452737
51.08753862 -8.31572824 -8.36554940
-15.87725320 -33.76896656 8.61200720
6.01345143 7.78530717 -4.06468443
-33.39654852 -34.82123530 -23.89146935
-5.41297055 -15.44354314 2.09553386
-1.61445533 3.18168828 -12.69161131
31.48979595 34.63385056 -18.36508584
-27.26150080 34.08364159 26.41008218
8.81634804 -0.33775992 2.49813392
22.68790552 -8.01884731 14.50388241
-14.95560128 -9.67862526 -30.46210808
10.26084442 1.70203731 -1.59129886
-42.82012564 33.03095787 1.55022770
-10.02116467 31.66734478 -20.05047711
2.61877242 -15.24569080 -10.79073150
21.47584315 -18.36760789 -12.22904170
-11.11300573 -21.25678996 6.59732984
-1.33466552 3.10388101 15.44864865
28.26671121 -42.09497181 -66.28941968
-0.80871593 2.37273153 -7.80856964
1.88615830 -5.00426418 -2.25870698
-10.15286392 18.34639282 40.35573105
-3.80769775 6.81434738 16.25773679
3.18439859 0.21384318 0.72007682
32.79159863 -18.14277843 45.48423637
22.37995497 -12.45282774 15.84894303
-18.91589817 20.13280192 8.67961593
12.27113430 1.43970364 -8.38407681
30.35504294 -40.27237676 17.11520929
29.74723632 -34.46071217 -30.16760849
3.37874780 -7.53088308 -17.46629677
-0.22420663 2.51754915 0.76311795
5.20754207 27.65653987 12.94080663
10.88865408 37.59761443 -5.85880829
4.92600504 3.99915157 -3.87348787
15.00391964 18.74254089 20.12263059
-13.24136558 5.09804336 0.04193192
-9.55509080 5.19971386 -7.64846997
2.24015820 -32.25846889 -4.85431845
-16.98300225 20.77137089 6.33798698
-8.26777840 -1.16196958 -9.33210428
25.25771705 -50.26508982 -23.16258809
21.87697907 -1.49574441 8.10870818
-3.75181722 -4.74010620 -5.88437346
-2.78902279 -13.81049859 21.94425598
13.62296992 -19.25529910 -11.65021678
-2.97332506 7.65348553 -4.20196716
-12.64017575 -50.48627704 -10.12222079
7.43998851 0.93675493 4.57361198
2.24877956 0.62005943 -1.10065110
13.73881323 1.51231416 -17.13016879
33.12464362 2.24249801 0.25002105
-3.67703794 -2.48581101 0.89985444
-29.07445157 -11.82434132 1.67072010
11.08391984 -11.36338713 -5.28868003
-0.86995636 -2.18107217 0.16052379
0.61195229 29.29640377 -5.82173792
-9.55923064 -16.40859259 21.92152438
-9.64541313 11.45808766 -3.76379348
1.38245839 2.12214214 7.08330160
4.50049847 -1.66193481 -42.85087863
-29.42646202 -6.53508851 16.50380765
10.31225042 -11.87581417 12.75487952
-8.60429410 6.22047979 5.64723663
-15.21549209 -6.56738192 -1.38173524
29.29382994 -22.71194484 -33.71296694
-1.83616332 1.45154213 7.81996540
23.52607121 -26.32239394 2.07289813
-14.35663007 -3.16981109 -8.70232822
-6.92512878 -1.12301297 -4.86712649
9.52160522 -39.75473211 -3.59640247
3.55662401 -26.62423622 -13.48751505
-20.90138589 -2.81554994 -12.16526451
-16.60898091 12.37746151 4.78396771
9.28384179 -9.58540247 -18.81590174
3.20868397 -2.23423828 1.80713439
-14.21898424 0.51764352 1.16512504
1.04078910 20.46708825 -29.80882922
-5.98635637 -4.97049861 -5.76356206
-4.85175306 7.08378965 -6.62386273
-7.69314958 17.33444399 4.17392836
4.96021342 -4.99899445 -5.00209466
-14.26498221 -3.14151347 8.30598967
-31.54105575 9.28595410 -21.72935703
-8.60350213 9.83343077 -8.51650429
10.45064018 -28.05307505 6.45650515
10.88974357 15.65774293 -0.71034171
6.04459328 2.85821770 -13.00201697
-10.51060713 -30.74542050 -13.83563925
22.29173444 -4.92709299 -34.28706598
22.04158024 -17.15759415 0.61247452
-5.09956666 7.94763630 2.26459354
-11.22302538 0.22479080 27.36355316
27.72391968 38.13408399 -4.28999268
-24.37644595 -1.99028843 -23.01515984
-12.07678936 0.85771714 5.29820111
10.26029396 14.81867947 0.20026891
-22.71186881 28.20113465 6.14467468
1.32510349 7.40379979 2.14071772
-19.78620777 9.22343387 5.96404671
20.39986058 -26.02412741 0.87986759
-7.66369761 9.18380083 -1.03644195
-6.61553657 -14.11871469 6.44878594
17.10488228 -16.05668220 -21.72745173
-6.35452189 -7.39452761 1.16277326
-1.99323213 -5.50639582 20.77513513
19.05155261 2.26409425 -8.46268627
1.40888823 11.89247626 3.31588490
64.13018450 3.21159843 6.30807255
10.58347464 -9.93169739 24.46957017
-7.76404843 -3.43852483 9.34596992
-2.43436505 18.88711606 -13.43306972
-3.94744466 4.79044621 -5.34163658
-9.39000907 -0.27602284 0.70745634
30.36782616 9.11875030 1.37500438
-16.51037778 14.98293622 12.83508070
-1.32444355 -2.12713602 10.96829533
-2.27361333 3.42931932 7.11666923
14.83439092 10.39047467 -21.24235374
11.36556472 -3.72230144 -0.12450470
39.22134681 -7.98659404 8.25260525
-6.74454709 3.30131201 32.12420297
-5.17801132 15.12573220 -1.69811300
-4.19917674 -6.23639104 -5.42922553
-10.36418339 4.19856751 8.10801448
-6.73699064 -13.16029942 7.32105961
-12.31632201 -7.51688042 -24.70687693
0.33181093 3.10666278 16.87580505
-22.72750293 -2.42374373 0.67822475
7.78489264 -25.05862038 -11.57765338
3.82260057 -8.92081657 -0.58192215
11.92239544 -4.19858016 -8.78159350
10.08043775 -2.57453227 -2.07445565
7.96668588 3.14036967 0.99674323
-5.39484353 4.03698686 20.93991324
-1.40103755 -8.25855784 -43.58849023
12.62619341 5.41234390 -4.72679473
1.49311511 -28.73542834 -9.27111181
-5.42097362 -28.36384809 12.76568765
2.86469001 -3.98377281 -6.05595361
6.55406747 -10.09219722 -14.57707284
13.29121543 5.02978810 10.12891704
-2.78224639 -0.10203448 -3.66179685
-8.70414348 17.27664357 14.68430775
4.18656399 15.75731247 34.18586992
0.62479984 11.50296155 1.21137809
6.83966121 -7.33265949 30.19518364
11.10400891 -2.66704691 15.48661142
1.91317168 -7.70755188 5.12165162
-10.67571597 -2.04960542 -0.83867041
-4.30422471 19.75455284 -18.92510797
3.09175175 -8.21526496 -7.99478375
6.57586650 -36.97573090 13.66134563
31.12155072 3.36504256 6.18446989
12.38206896 4.66884419 30.52690179
-0.00901241 2.51076387 8.72965127
14.05027183 13.44454213 -1.00882230
-27.34034431 1.67705428 -41.75088395
29.82250088 -3.90101356 17.05504051
-5.20008612 -1.55815517 -2.84728548
-14.85292760 23.76763723 -9.52947807
9.11599410 7.11009539 -1.32810455
1.24158623 2.96562409 0.83462981
-2.94221126 -9.34020439 -11.63597791
-18.50431396 7.27288592 11.74165808
1.12396387 5.18542243 -2.62113169
-27.58564417 2.49638117 -36.00476484
11.01111492 16.88456839 -7.30339199
-1.27520787 -0.11991167 10.35377540
1.56705784 0.40503723 35.54518821
-22.08239367 -20.95423952 15.52007966
-7.75705342 -2.47891852 0.34008086
-1.73839568 9.50341348 -0.99530026
-19.11210084 2.75697296 4.19029031
6.11377625 0.03967207 2.85072281
11.28758579 2.82556921 13.92366755
2.10348935 -32.69865507 27.30552482
1.45488326 -6.35441770 -2.55092083
-1.62881315 -32.08618706 -20.56039387
-0.18166827 8.26234516 33.30900401
1.19845747 1.47510196 15.78993277
3.25420411 -14.49857195 1.11666972
8.31709433 26.40445816 -15.19183035
-0.10104133 -2.26708276 -12.65918545
-21.08540732 31.45777575 0.16842919
24.87072645 19.74329017 -4.01115846
25.04797858 -11.96434389 -22.80294632
-11.06305639 -5.76789817 -3.20179485
-3.22413125 -16.32655841 -3.48873392
-11.27783810 32.52152523 5.53419005
44.34806238 -7.02539293 15.18762874
2.75988760 -3.37909598 2.36991739
16.48951383 15.25346801 7.91534845
-5.80347793 34.86779891 0.86306433
3.52777612 -0.89559374 3.72843295
-17.56523592 -18.95449280 -11.02838439
-10.03651081 -3.29501746 5.98014121
0.91552789 1.23823209 8.70616129
-6.58173281 46.65841931 -11.50155586
-12.43918620 -19.21536318 12.32138512
-9.43016825 7.84597322 4.03570473
-0.18877894 -0.51596660 -16.51761957
-1.91926436 -24.69050458 -3.17397451
-6.91034392 -2.82412699 10.47511109
-7.49499351 20.15924749 11.51218689
4.97627161 7.41284244 0.21577944
10.05392976 5.18400566 -2.58802652
7.09302846 18.97064661 3.80084753
16.03296081 18.88336978 12.75946831
9.66261206 2.60435446 -11.75813183
24.55655183 16.26400884 -0.20845111
3.79849392 1.08055334 30.39623897
1.73588119 -2.65767256 -1.61165946
-22.44383888 -20.42427157 -10.35322310
59.60374646 -13.30509577 -22.11488391
-1.80505954 2.65744859 13.47543546
-8.19842192 7.51003717 9.31490070
-26.21236111 -49.75382391 -20.42625441
4.09050945 -9.31123347 -24.75969361
1.86473103 -7.97073173 1.79703588
-9.87981360 28.25453392 0.94672356
14.30893578 1.62202219 -19.96061021
-15.85895163 12.24874035 9.38746737
2.61015997 8.81234568 11.04457839
-13.40700831 17.76246647 -2.07592501
6.88662436 -28.22483531 1.12280085
3.50980275 0.43637729 -1.62007456
31.96780997 -29.00129750 -18.72164386
-2.84950197 25.62754876 -10.61742142
-10.85540798 -4.13593107 12.63712017
8.44868943 -6.26355612 10.05805000
21.40332320 -20.93600168 -20.39087872
-9.81030574 -6.52551504 -2.83227406
-18.07768610 -31.70902260 6.45811909
-29.27306926 -9.51372456 -17.51328983
5.31099957 -10.87208500 5.88170665
-28.57290212 -20.52389030 3.30961365
-2.41380382 11.07896347 -3.47009182
-3.95518967 -5.57982936 -5.02955740
-0.94742681 22.51195860 -46.09545709
-32.35672042 -9.80919466 -25.75084719
-2.45471629 -5.46302241 7.71966571
-40.57877594 -1.39425386 6.85649073
-23.78386252 13.03446542 43.33312561
-9.09489795 10.07114582 -1.06013963
3.67732207 22.65499736 -20.20562343
-16.55997197 21.87886110 -9.81120046
8.83070489 4.27183443 3.63470051
-21.45109387 20.09097320 32.11279304
20.28900347 42.77587684 -6.66471991
13.35092403 -32.46430065 12.96781907
-1.06607337 -6.90119541 1.53395369
-0.35967097 31.37825950 4.95585913
2.18654363 24.86022356 31.53739640
-15.39492793 -20.79554321 32.31194388
-2.43816263 -13.43729769 -4.14798468
2.19668851 1.02007643 -30.09628483
-7.62546449 -11.75499636 3.76341839
11.11763428 1.91619326 10.11609149
-45.75734723 21.86883483 -10.13864085
-5.05416404 -9.67382132 -36.75475058
9.13196987 -4.81072397 -10.92238201
-20.62684839 24.01996067 -16.91799797
-24.38320808 8.63157950 49.86800060
-2.13675010 2.73398440 -4.69896532
-4.16588781 26.52680350 -43.52276504
43.24188846 29.09209683 -2.66306089
2.28300405 -0.55042904 7.73030570
-39.15507573 10.07960256 17.37440325
-39.50579029 -24.64562881 13.90206965
-2.72319430 -1.84723760 -14.87167695
-25.33567666 -32.77463039 18.87634194
35.73642790 49.64196074 1.15481810
-0.40379931 0.98590826 -1.52917449
4.61681588 -19.32122505 6.47217143
39.33555641 1.64475799 22.86748552
4.79619644 1.81086529 -11.48771074
-14.00668376 28.32161381 32.26730953
15.05805593 5.23604891 22.42924962
-8.64168419 5.84991601 7.34735232
4.68714408 0.06265972 -14.52769705
6.48395779 -2.82878910 -16.48629777
-11.75091344 -17.09275097 -16.15800305
-4.33294153 -9.57909361 7.54066275
25.30935540 23.61891392 -6.50842290
-1.48004492 10.83714336 14.34116992
32.90593914 33.48437188 -43.23694433
