-4.07044545 -7.29406609 -5.74536644
14.04847123 -38.32236175 2.08092700
4.50835045 -2.65832658 3.61988344
3.88858418 7.17410253 -2.09798320
-4.50529888 4.39633659 -13.33650821
1.57536971 10.26751213 -3.25328021
-2.21621776 1.60159035 -8.24869492
-3.47906000 -15.69477721 -31.36488525
-19.64458189 -21.20725642 -13.36006169
-0.23003881 4.97848271 -12.23628253
5.98406543 9.47978973 24.47486235
22.19787344 -4.13001161 -13.83602937
-6.49138654 4.67569228 -5.22786908
6.79427082 28.77317139 -15.90484471
-0.54568774 -14.20377139 31.64464075
7.14997260 6.43873918 -9.88777303
9.51690801 0.69475627 -8.10249346
-18.41190388 -2.35250961 -22.09351556
6.37744211 9.42753631 -6.11044060
43.13555129 12.11427996 -26.64623832
15.69594984 -12.52038686 -3.89454186
-3.27614715 0.73580952 -6.91920147
6.03485022 11.12761708 -5.27726413
13.02461653 21.28013344 24.14526635
-1.34179255 4.64157868 -0.60685510
-2.34334695 9.96668351 -0.72661000
-29.56287063 29.99755620 -22.43136817
13.03399901 -10.33260442 25.42933204
-5.97324524 -2.18498227 -8.72057845
-29.77909022 -7.79098971 3.09405880
-7.16137243 -41.89245035 -16.15340086
15.77014533 -5.11114007 -12.55705328
2.67444593 6.41258542 1.57922749
1.99750526 -26.57624042 33.13391628
-3.94774608 38.62100860 -25.50953918
-1.73095006 -2.42056772 -9.52409387
2.41529426 -3.49096389 14.68542850
9.12517541 -0.96223298 44.85719704
-5.85790002 1.51644743 -5.25793136
3.23643527 -22.11030810 -38.19994979
-6.21802532 -16.89378439 4.16078278
-2.72723028 -12.76734058 5.48074223
20.27980295 53.70885478 8.97048967
-28.33380304 2.06799783 3.09270173
7.94461752 -4.08182300 0.39085624
35.26179633 -1.46854241 -9.86764519
-14.19232157 3.00924065 18.09635813
6.68059444 6.19682277 -7.92141543
-14.37806918 -15.71602289 10.92447291
-21.60478196 37.14503778 5.79082444
3.66714715 1.98690093 -0.19197739
5.87847465 -15.92164156 35.68557306
-29.32657043 7.96726502 -19.16875774
6.59461307 1.26196935 7.40583687
7.96075725 5.68524220 -7.17279564
15.39994805 6.26238125 12.69615203
-18.89881513 2.69689362 -0.28550507
-34.62049446 -10.93005355 -9.73708255
-11.27612001 -15.38540937 -18.12839426
-22.00319613 -6.29917039 -4.08483126
12.72744171 1.43236938 -1.71708231
19.30722381 31.30813616 -11.97901490
-16.44907537 -22.75325412 8.39558181
1.78505209 -4.81701792 1.36996738
1.00651006 1.56680257 3.78109932
-34.53850910 -33.42294373 6.85376781
5.77075809 0.29467979 -5.65736343
-3.21556415 8.37403819 13.74277063
9.94965323 -21.60138198 34.11925310
-1.44402153 10.78443828 -23.47574602
-3.98482022 -3.08890333 1.82815526
0.37246407 11.80736320 -4.66705468
5.53798250 -9.52760236 2.18846464
11.34506810 0.94547185 -7.28483442
-2.98780075 10.38188084 42.19443449
23.95053113 -29.95941743 12.42452553
2.41557431 -0.61498747 1.33400416
15.45395931 -13.17799596 -22.23966662
-46.09646809 29.73143830 19.17322950
-3.30724370 2.98063625 0.54565509
-37.29504652 -1.03890157 27.97425042
22.97416516 40.52983960 -40.60829192
-5.14526005 -5.01229037 -7.13787034
-33.95471365 5.48861799 44.34477584
-30.53791906 4.95518602 -5.89562783
0.52893654 5.93269466 3.47099881
-33.45028633 2.68868095 29.11347497
7.18188693 10.50020579 -31.26298467
13.41466333 8.21963891 -12.50382522
21.99137770 19.41329799 21.70309065
-29.89102767 -0.62341353 -33.45749800
1.29492771 -6.55899878 3.82705837
0.74840043 5.95665622 -3.74683446
-0.62897909 -12.47657767 8.48844956
24.27116020 23.89087893 34.53402067
5.00285516 -15.63611579 0.76422558
1.98095315 -8.67324231 1.93682253
-3.32620963 -18.99695157 20.15098325
-10.06819918 32.64266093 9.88616663
-4.39280959 3.92420877 8.11976587
7.14092382 26.69024386 16.83880324
20.04901040 -11.01928741 -6.66234292
4.53957011 -0.18378302 2.40304450
-7.85714301 22.46316139 -13.21234012
45.53149136 23.12957580 -11.19435139
5.56108259 -5.59737527 -9.67625813
15.60987473 4.46785909 -11.51109567
-6.99693162 -13.50167664 19.54993277
8.32620870 -1.72766540 13.48510747
37.69879293 -12.55754946 19.83636898
49.63757401 14.36563703 -2.91671755
-1.89004731 -3.27838601 -6.09597171
4.04117987 14.72082267 -16.44524436
29.81332862 -21.69638525 -14.60567623
1.49549863 -15.94218155 -0.08275766
-23.82596463 33.89678375 11.07360364
39.31661000 -25.19788621 21.65574311
1.57296367 -2.34733377 -4.31194150
-33.21512229 2.73089059 11.20570407
-2.56507702 45.24058806 15.08793470
-5.25061213 -2.04668758 2.04551325
-46.68119278 3.51932786 -22.01076012
-12.47988212 9.43874704 -8.82983936
0.29429837 -11.36229388 -8.34252574
-4.63298665 -2.21388719 -1.22691946
13.90709264 4.60953182 -11.26181502
4.05106196 29.45906117 -50.75905141
-9.41945188 14.07189068 29.39052352
-9.29354836 -6.48736469 0.85214115
33.58490030 -4.58288923 14.01666491
2.59901095 -16.60551306 -16.50798929
11.86736173 -11.00537595 14.07265373
-20.60393497 -30.77241571 -22.51999660
-15.74127235 4.29630274 10.59000042
-5.11858374 5.13351667 11.21804193
-6.78498825 16.42902696 -15.47663455
11.69019511 -15.76696960 30.02384106
4.55517497 5.40886327 20.15012501
30.34848605 -59.74161355 2.47366159
-36.29279082 20.98588513 -9.14071470
-10.03985624 9.32624440 -9.79101117
8.30864731 -34.88246923 -5.11091328
-24.52635114 -8.80750789 26.06609981
-0.72069623 -0.06481662 -19.75114744
-8.42333820 -4.24696732 6.99509522
-37.97345695 4.45510023 -4.60675134
-5.10451833 6.11815573 13.27597828
7.88655089 10.84645831 -37.84638932
-32.89844482 9.63450353 -10.09591331
-9.13864872 -2.90800544 -1.18264316
39.10870502 5.41717655 25.70768273
-18.97249420 -7.96093419 14.36233699
-1.81541482 7.24020130 -2.97666034
-2.95016316 -2.15824310 -39.81898454
8.93218723 -1.63520729 -1.08633012
-8.40550096 22.94094549 13.96378603
11.14547733 -7.86285999 -4.83986491
-5.98307490 39.67728619 18.08878739
63.72802256 -10.39030598 -0.04882058
-20.89624410 2.49989864 17.36841457
-11.90387678 -1.30987293 -14.00547842
29.52704790 57.71133598 24.24618477
0.02447494 -21.43618293 -17.74810344
6.42528295 3.30809079 -7.18512194
-9.52428276 30.43864462 -6.77090384
-31.22043276 -25.97946728 18.72729086
-5.80899054 -11.68481423 -1.30897841
-8.61820056 12.37961360 22.74309589
-1.81772707 11.35333359 -17.87190626
-10.33366122 -4.70371188 -4.98792447
-14.57935370 24.38020382 -44.49500151
41.95103218 -39.25224687 15.83978354
0.99338928 12.04616765 2.36272978
3.98232317 7.79018329 8.65181721
-12.94052154 -4.58407782 3.25009983
2.15088803 -4.81695154 10.39066440
-21.91346172 32.64571705 0.73675568
-19.70386661 10.42252903 -4.25470768
-6.54058306 4.90257489 0.43413338
18.77788339 -26.51436716 21.59200575
29.19915731 -4.48777163 31.28284475
0.50284758 6.84589099 -10.61019926
-41.28246460 16.50508367 -53.07509374
-9.97814256 -51.73271700 -0.65375998
-1.40291404 8.17848913 9.13189383
35.23284650 -44.36624587 2.54325560
69.27969638 -83.37935849 31.14457390
-24.05630236 102.13152207 -66.19885601
4.30129511 -6.31349828 16.80347097
8.87037609 -32.77672831 -27.11322380
-16.71370421 -15.47447819 25.60809890
-9.24863122 -8.16928561 8.90595645
2.80076299 5.30013297 -0.16418680
-14.35677029 -20.06698219 -20.15473551
16.76707706 -3.64055508 7.45827488
1.48777775 9.39412970 5.34698956
-20.18122338 -17.80182546 40.87494174
5.67827092 26.15711482 -14.87350682
-11.45970992 1.04931645 -11.73201176
11.12581719 16.96959940 9.78716529
18.59129961 -6.71173880 -21.10347657
-4.82821207 3.14579596 -8.39929759
-20.71650298 25.13702084 -19.69120612
-5.30604415 -22.41412049 -29.93314305
1.53583644 -6.03403405 7.83011472
-40.43150039 11.10852760 38.50692815
-3.72877024 3.95760203 -5.92566699
0.06691343 -0.25913051 1.58294751
6.99901931 -7.24246495 15.51716564
-25.21621372 29.32833538 31.61455453
3.00130252 0.74498185 -7.11834122
-14.86137939 -21.74292512 20.58586939
-50.74742210 3.37414790 37.55259613
-6.95790459 6.54721504 0.42089411
17.08123199 -13.02830041 -49.75902176
-3.87223786 -2.10980285 -26.58752774
-0.07159898 -4.24869335 0.42489774
36.81389605 -10.54618209 -15.47203403
-46.78795399 41.74465008 -34.13436443
30.99278337 -1.82460598 10.98020209
6.46326062 9.55951125 4.63181887
17.44927712 6.20101556 29.00758624
2.97492818 4.40989125 -29.49617231
-19.08498127 -16.91503543 -12.55317792
0.84225103 -3.30707782 -6.39496471
44.89648980 -23.14138946 -13.29517779
35.86897215 -21.70317313 26.87523100
4.40231226 -3.68045016 9.45948899
-13.14757054 26.84411049 -3.13071026
-39.17487400 19.52163298 -27.66910585
0.43937481 4.22339022 3.01003472
6.22155143 -10.06551237 -3.92349850
10.23497073 41.61440690 34.28045048
3.42209072 3.21171196 4.43797042
24.72989068 1.90496475 22.15950470
17.60496263 -24.53712380 -9.82753209
1.46468035 -2.67740085 -2.33401662
24.11892812 -29.40725197 -12.55278722
-8.95163287 7.68271558 5.66403204
0.28220744 8.69982172 7.07676573
-19.39302975 40.66344123 -41.63351471
-10.37227195 -8.95531806 9.79793263
-4.82457741 -1.06140907 -5.89558704
0.20427244 -31.05892934 21.25084131
-0.04928631 12.62973327 -14.74534920
2.10011187 0.91445949 8.34867464
-51.92054018 -36.66881180 3.89804182
-16.11844103 33.54561900 4.04003241
1.22608680 9.04209050 -4.29634175
16.19596810 -2.05924507 4.06695202
-9.78480658 10.34079824 -6.73188678
10.14364506 -11.44827316 18.91275653
2.19992547 -2.28506197 5.50930217
7.67773346 11.56853799 11.66390948
-7.41643271 -27.39410873 19.42180776
8.21443781 7.82004074 5.74434319
-0.34181106 -1.87633584 -1.40106098
14.21603522 -31.83461165 11.77128343
32.89764589 -1.69762646 -20.27738306
-5.29097302 -3.30434307 0.24150420
-12.46130812 -49.87107261 -17.73289854
10.80642382 -29.73651007 33.42690311
-0.09370278 -8.57052818 4.94894005
25.41686697 -12.15416582 -19.70597749
19.73030020 -61.77872460 -20.90378649
0.09735680 -8.44068115 -5.49637206
-19.48191829 5.45079340 -13.30294182
-34.34393835 -32.03284296 0.02836280
-9.57885739 2.02599363 17.45778728
-28.19076539 -11.56106630 2.31048407
16.03686661 -13.70281289 -1.38389783
11.36466189 -5.29416268 -4.75630082
17.31551734 -25.68050474 -13.35961094
9.86488171 -21.34380200 23.48701785
4.28401016 -11.20848685 0.17839158
36.06100657 35.48177404 23.09949691
14.12771437 12.79857517 -10.57091160
-9.92501123 6.04886761 -1.55213589
32.22569032 19.42216667 6.71219239
0.72121924 31.33758977 8.75055528
-5.27807666 0.40114674 2.75788257
9.17178857 -15.44670032 20.00267772
24.58087691 -0.42368119 -18.97557483
-53.97253040 -14.79530695 3.65420950
-1.90873514 0.68204244 -0.30102688
-19.75265592 26.56492395 16.14241892
34.17157672 -45.22526917 21.93233822
-15.70878960 -11.90095967 -14.94864042
3.39870184 5.63761373 9.16570632
8.76118616 -40.80477503 5.14341880
-17.71387679 -19.14682838 9.38727337
10.90489756 -6.69016027 0.93333193
13.37952169 -13.04997884 22.21006072
-4.39874672 -29.40376249 -4.12560197
-0.98429129 -5.09799084 0.73035305
-4.75852973 -16.76427781 14.25164796
-18.35406804 -15.54356912 2.35817165
5.31628708 7.55622029 -1.09842310
-4.93557126 -5.85243073 16.83406198
-12.48479376 -9.54703543 6.53357216
6.21970034 5.28710538 -5.42259007
-41.59911591 1.21737821 -6.96635525
-3.50935630 55.43354413 1.57352666
6.43767544 -17.07995627 2.34823594
11.66324173 -10.20556631 -32.75930704
-36.07949748 16.96925741 -31.52743442
0.95060025 -1.61608329 6.19509282
17.91829938 -22.82518662 -28.24518585
2.44203099 1.03863535 -49.97344874
3.75405441 9.38785708 6.25391419
-19.55541814 -13.10580368 -25.72737367
9.44838451 5.24996665 21.19889713
5.36274705 -6.60294470 2.28094340
2.37933411 -20.07378472 4.71698780
11.42386315 31.22628318 -22.24883291
39.05711585 -2.59106969 20.41496114
-5.00779524 -3.23829647 8.34139273
-11.48392432 9.70460789 34.19974363
25.77099888 -20.79952862 47.09406346
-10.22266355 -1.16003631 27.51106409
0.16101961 5.21023988 -8.71030694
30.37297492 -8.30402067 51.74748610
5.10895286 -16.87471301 -0.68111428
3.07223098 0.12138879 1.51308122
16.89306762 -15.30083457 -4.40052309
16.21573582 4.13327389 -14.56856312
-3.69899916 -6.12747864 3.55135437
-10.86172169 16.46861508 6.34167710
17.38604789 3.07319395 7.58688011
1.88170078 3.53422033 -1.77685258
-22.83896646 18.40951714 8.45988917
-36.70035089 23.84585328 -4.88573119
-0.86826497 1.98504249 4.84800520
-9.44856115 -25.11148248 21.34150116
10.13087293 -1.06557688 6.09402984
-7.01433791 8.07502896 5.24447348
15.73526131 1.70529036 -20.25196099
-38.36310253 -11.89309586 13.02770758
-11.83855318 -16.97538591 0.77893990
7.21510226 -22.25120835 10.82051406
22.59870982 -11.55788844 24.78211917
-3.11811555 12.10937931 -6.79983127
34.72855591 -20.99258300 -9.09626434
-21.38540102 27.59284730 -47.95613764
3.50954016 -8.92760836 -3.80512167
-44.50788189 0.40424816 6.76787390
-3.29575418 8.02015961 -10.01590771
16.56513936 1.15454985 5.85434034
3.66017979 -0.87650499 -9.77294034
-3.67136558 9.19408030 -25.15975480
22.11668734 6.22347648 2.16530852
18.74061993 1.89273309 1.33987093
