-0.26647153 -0.21896465 10.05396574
6.74167834 6.48675062 -23.78736212
-44.65874141 -1.51849560 -1.86650160
-0.87779566 -5.04179738 2.71981266
-31.47645805 -15.39571441 -22.02125524
44.78325566 7.94684959 -13.02131298
5.49586819 4.86373690 -0.47976610
18.63564448 -5.96682786 9.60520870
15.34980088 -4.22638473 -16.23112284
-5.80089848 3.24722351 -4.01759030
0.76879181 3.68480201 11.37080225
10.07320025 -12.49691883 -30.36640740
5.47388285 -2.92919337 -3.25184156
25.77103303 14.31030852 13.73773899
-0.10235553 -29.99203441 0.84129360
1.29782344 4.82353691 -4.06570679
-6.98788712 29.64292949 2.36263399
-35.93588149 5.18258844 -23.70704022
-6.38132419 -13.44001632 -1.73829138
-5.25449405 30.82028022 -16.52111782
-3.53306198 29.82741441 -11.90279872
-7.39121637 12.09637505 -8.22461884
29.65321537 -8.67299649 35.03115664
14.66047210 -3.88463177 -17.00336410
4.91873029 -5.79714901 4.16546640
-45.34341937 -77.97317563 -37.03260592
-34.60474329 31.25775684 -40.70357565
12.37547417 -0.80703944 31.31851309
1.74088291 1.15131683 -3.35566223
-22.63104593 22.62108855 -25.25530701
20.96301379 -8.10287798 -32.07836522
8.84806206 -15.59296871 16.18584425
-3.09620598 -5.81046646 -0.20460647
16.10732402 13.94534172 14.47393286
17.71573549 -21.48189829 -31.09768515
-5.21782361 -5.20012682 4.64916438
5.81035729 -22.97748597 52.51634788
-0.74521268 0.41813224 -33.67961953
-6.80305349 -3.59769504 3.41892003
39.75013658 -18.10762530 15.53363848
8.04431771 -9.53879055 -28.42862780
-1.87580275 0.06338713 -7.49589640
-20.21174248 -18.14688844 46.35584183
-22.83745074 23.61741390 -3.13420825
4.91963473 -0.60104581 0.90465698
-19.14262069 1.32115255 12.09552157
4.40067395 1.92638620 -12.19147952
2.26320759 4.34081312 4.39376525
-11.20730144 28.50501196 20.80373165
-9.97142674 -3.87225889 -5.64841430
1.08416261 11.15995386 -6.65350329
-16.39501643 6.47775488 7.60866787
-32.35782352 -8.92438559 3.87239448
4.26201831 1.85614002 0.67679667
59.80266352 -17.64018718 -26.69486220
12.73960843 -8.21516938 31.58918856
2.08038449 -9.97766262 3.54961106
-9.99200751 -28.44636761 -13.30021469
-14.43785511 10.14343312 -26.66859985
-14.82231207 13.79461454 -38.19396526
1.13885527 8.90310471 9.76606308
-7.18780790 -29.32156751 9.72054341
-8.28321544 21.25565954 26.32257190
-10.12488132 18.48006670 33.23069809
-3.45553008 1.32454267 1.71776934
-11.04965829 28.54769380 -39.58007373
1.56608687 8.38228407 4.86853432
-4.56720005 -10.16027414 -7.95360555
4.94741424 27.69280932 -9.95591547
7.02298075 -40.90070770 5.66224295
0.54885926 -5.94295161 0.04886921
-21.57596390 21.30305255 11.51794464
13.86136217 20.66145024 -19.20321385
-7.40083004 -5.26184973 -8.02127194
-41.15655081 15.76014165 -5.27025194
-28.04498658 -32.95524863 40.85655867
4.99754403 0.04940762 9.51770018
11.14916412 16.53003486 -38.30796717
-1.00409571 -16.50223028 -20.42334925
-4.43302179 -7.91757618 2.68636981
-29.61318590 -3.01020063 -1.69641952
23.08357601 6.26614806 -15.84416076
-0.34474490 9.11373117 0.52334031
-4.93281581 -5.24126487 -25.44403923
-18.48370582 23.33226821 -25.87469158
-3.73578853 -7.10456362 11.66457911
0.66747910 -3.54950564 21.68471789
-5.77257578 -12.56388800 36.34937716
2.84613633 2.30735152 11.33389177
35.46687312 30.16865182 19.60576343
-15.84501119 11.76386071 -34.28161260
-7.05960822 9.09181330 37.65272858
-9.89450584 8.04154224 -0.08322044
0.79131603 -25.27602540 19.34054475
-10.39930760 26.46034912 9.08041643
37.11674910 3.24779742 -24.58162240
1.01501417 5.46040123 1.23435747
7.79275565 14.59586643 -15.89252636
5.70298732 -31.00265438 14.73614853
10.87419743 -9.96422718 2.03705289
4.96272397 -35.64743640 35.98950401
-5.48420134 -3.28079505 -6.39968100
6.03973109 -5.36605388 0.50594139
-0.58998224 49.88900845 38.19927667
-13.14317154 -28.72324559 -11.59896726
4.94706125 -11.46890882 -3.40294034
-41.83854277 -66.40859005 -11.78701125
-14.84902827 13.10254232 34.10874105
-13.63537718 4.33732868 -18.64575341
17.48979777 -15.05657234 9.85100395
4.43885465 -16.15975595 23.57382956
-7.59976744 3.02110781 0.33654071
-10.80982445 17.73142872 -1.97120675
6.46113530 -16.18270235 6.38133935
8.64533010 3.84826980 -1.59571903
21.42224817 11.86832573 19.66775137
-8.18199065 7.53006401 19.24276483
17.94133169 1.83579288 10.03147193
41.48496975 49.38552238 -5.46043392
-17.10567645 42.44807469 22.58709966
4.01695535 2.89611993 -3.74475855
40.42131363 21.87475961 -13.27742940
-11.78674258 -1.86615050 7.11210823
32.16252436 16.24643849 7.63366965
-8.24659760 -8.02619304 -6.16425934
55.09300450 78.86221291 -10.79300468
74.04485420 58.43519103 -22.96271507
6.80163352 -127.62964190 -3.51408720
1.92952830 -0.67186392 -6.12959530
7.83616214 18.20918830 24.19490843
44.52830410 4.11250471 -1.77091912
-3.75919778 -13.78055161 -1.18173466
-18.00201771 35.49535892 4.44029902
-12.55362755 16.00061860 3.88243723
-3.51167235 -1.99851871 5.32927511
-26.68259532 12.78177262 -2.69233404
31.29249730 -10.00567657 8.37547756
-3.80343448 -0.37737605 1.48590264
16.19073934 -3.35867091 -5.39066352
10.60990464 4.99628673 -3.50709321
2.28979456 -1.65357373 -6.43399574
-11.06410595 17.41328562 56.40772586
-2.90545295 13.07653884 23.85540804
1.26310485 -0.50044569 -1.57772916
16.75803546 -16.27771505 10.89686709
-15.47402964 -29.11040622 20.18750656
-6.58084653 -10.93697061 12.16455155
3.45634081 -11.16245050 29.69001273
-19.75273314 11.94523846 -12.42729407
-7.93927644 14.10008838 -2.45186923
12.76630656 -25.65226476 26.79388243
-13.82854521 15.67227454 -6.07651148
9.89365444 -4.49879813 -0.48382305
-13.14874044 -29.47511328 -12.73315310
27.87468946 -14.51845048 -21.64384314
-31.36071332 -3.76471898 -5.07239516
-1.58762164 6.87750339 -4.11793973
11.81980607 -14.95852915 -15.65000736
-5.32800401 30.33370450 13.31326031
-35.80182657 6.90259377 32.25420274
3.87133326 4.76807306 -1.88850385
3.39618019 42.21801872 8.02727980
36.88300648 -30.34220991 -7.61923023
-2.28127804 -4.03962727 -2.56903455
22.26886361 1.67852592 21.01473067
-11.55134914 17.74748682 -8.71550069
-1.54204658 -2.17676253 -5.75319899
31.23780516 -20.69699578 11.53745645
-42.15343874 -10.51124475 11.58724805
-4.91485715 4.22031699 1.18931803
-0.15810235 -18.63298687 -17.25036358
-21.53725596 -30.08595134 26.34752211
1.73663948 -16.85521581 1.54625492
7.10044173 -10.19104858 27.45462373
1.15127472 29.87735109 12.77609792
-8.44082841 5.00916328 1.69431292
26.80346601 52.21170872 18.20778066
21.10436021 -2.17803717 -28.75436945
-6.05081666 3.28189404 0.62456778
11.10808211 1.12228579 6.81965879
-12.36484526 2.94809296 -0.68892413
5.00035583 11.96417478 8.44229029
11.31385317 -7.86100721 1.74118941
-14.95167969 31.80787517 4.26984676
-9.93306472 -0.61390151 5.72664760
-2.39919739 4.92924176 -32.68655208
4.19942493 0.96720056 -11.52447713
1.95966681 3.52881711 9.38367699
1.96267963 -5.33001001 3.50751589
32.86346862 18.01585720 -0.18581225
38.36098659 10.05340678 23.24742286
14.25757861 17.53559953 -29.47754624
-6.61236554 7.49245609 3.64760282
-3.14461218 -2.01797149 12.90321374
21.57844965 4.35428989 28.83420806
0.85412236 6.32244685 7.54520022
-0.32303566 26.27003885 -13.68070300
-3.33990786 -8.15122287 -17.78969745
-4.23873800 -3.71839866 0.60781251
1.60228547 -6.02499822 -4.30898299
1.17154126 -16.94048813 -2.31173094
2.78776345 -2.37426633 -9.76505556
-22.98901069 6.08516619 -8.81608300
-18.99965331 -16.65483671 -13.89582070
0.60566147 -10.25487403 -8.80897041
-1.69127930 -17.49253243 -24.80154223
2.03549310 -30.19686434 12.47750485
-0.63916618 -2.61645808 -8.79300241
-36.39307893 -12.41340696 7.22709476
-22.88710306 -9.80564763 2.99860513
-14.56241202 3.10262295 -12.53062526
7.92643926 12.85438462 0.10742809
-6.49592659 -22.45860960 -10.69933219
-4.33053615 4.16640677 -6.05859322
9.28353973 -8.89667406 -11.95618798
-6.79908080 37.18851422 5.10325150
-6.94663096 -2.14163189 5.89851663
-10.74667274 -8.83847828 36.12330924
23.49617302 27.80430634 -15.55325845
34.24417966 -9.24114240 -9.94837920
8.57499400 2.05714588 4.76223853
21.17167494 -24.90833681 -9.34631227
-44.20218576 21.24468325 27.18949152
0.01365902 -2.27424025 0.05743044
6.34315966 -2.72947541 1.04792294
3.68351497 -2.74806456 50.99115128
-12.22600809 10.04565301 -35.35687580
5.17270812 2.36921245 -2.63215784
18.65704527 36.87646624 -36.71316557
11.50478204 -1.09812746 -42.86154161
-3.00320370 1.18616406 -0.24421590
-9.56280962 -25.63077160 -14.77849187
10.20449834 -49.55192930 -25.49772718
10.95111713 -0.42688801 3.25546870
13.22459634 22.94492020 -1.58834510
22.19737408 -11.77188296 0.14682901
3.68873502 1.14505795 -0.44059275
-16.70784895 11.40635186 1.90618157
22.81506199 6.00915501 -6.77229989
-3.44127061 -4.76433377 -0.12801350
-15.75786577 -8.02506109 -21.17262858
10.47652762 -15.01188301 -0.35755431
-8.12961601 5.25855461 2.01468026
31.12120088 -22.31960431 15.94975486
32.30368890 -5.87698671 -38.08679603
2.21378578 3.71547205 -1.96760632
10.40808588 -8.95623980 -28.45592795
41.00184165 -4.61336036 10.83857881
3.09960846 5.81140256 -0.57565284
9.97777309 -11.62610546 29.21103590
-10.32460732 -32.43429009 33.67229833
-23.79674537 -22.45491920 -8.16593652
-5.34146728 1.01932883 -12.07634293
-14.68743384 37.54883145 -14.88797736
-24.91684594 -11.54828754 25.66247516
41.20748227 -30.20954950 -6.91569552
2.48212259 3.16488773 4.38601084
42.95613122 -13.28535025 12.98599247
-24.61073087 -28.96917517 14.36444744
2.93589763 -0.91033639 -0.93884892
-11.67260824 -2.05011611 5.06590475
8.55370835 -7.74114307 22.11688734
8.43346057 12.45005002 5.37825519
12.15969036 -30.93321943 10.18627134
-12.22633368 0.05066627 -34.93048753
-4.85274830 -14.46449516 -1.89274845
-15.84474109 -10.60854362 15.43495010
24.71420548 3.80866834 -16.34325453
-2.12157103 -0.67418199 5.74013487
1.13506790 -7.48363071 -0.50172781
-14.83792078 -4.03141165 33.41414286
-3.31381579 -7.16063289 6.08756231
-1.16442601 9.07262920 18.14119628
31.99468711 -34.48474312 -16.13823797
0.41033568 -1.50364961 -5.58434152
17.91815683 41.12030255 14.52402999
-14.44915213 -8.35004987 1.14879312
2.03027680 -2.25702230 -1.22621210
4.04801572 26.77998114 -6.47549985
-24.62974928 -16.29960675 23.49991443
0.30180992 1.18425995 -8.04954486
-31.73670504 2.24464697 24.28390849
16.29716433 -13.30190482 9.93987380
23.03877289 -1.21734913 19.30910628
12.26476782 6.01895852 14.74919054
15.20233876 -26.59795023 31.82878493
-27.05176071 8.13468267 -20.31289343
-52.74152356 -5.24864690 11.76325188
5.68460579 -1.39574861 -17.01594955
-12.11540051 0.36347273 28.89597989
0.76218797 -6.81107599 -11.59836961
-11.53607034 7.36784662 0.89555549
-22.94431179 -7.82012081 24.86042727
-11.14527972 -17.10318008 49.40705973
15.57594380 5.08024740 -2.71869022
3.16026467 -28.49676611 -9.66395258
-12.07356739 -8.19134642 -3.75076981
2.33417854 6.29130766 4.04303462
-33.65967649 33.94815120 30.13263114
-25.44923461 31.34382128 3.29881645
-1.50749519 2.42427348 -0.39562894
-32.69521517 8.60632808 9.27858728
-0.55554588 -4.94875058 -4.30981157
6.32697632 -3.53497741 5.42014545
-19.92811613 -1.65909225 0.38935473
14.82289271 11.42540582 23.48479061
0.23690119 0.14430930 -3.84505610
-32.02819035 -23.36814440 -4.23942564
-42.79932358 7.69270362 -50.25154283
4.98220168 2.23725154 -9.09026173
0.34694444 5.17138858 -13.89037268
19.64509031 4.05541613 -20.26664945
6.78091970 -3.52728077 -1.02283082
24.18445152 6.44899085 -7.55622535
12.65129060 -8.30601012 -33.37703963
13.53857501 -11.24398565 -6.48001799
-18.52087391 -3.54549782 -1.13626695
21.23076593 13.04199125 28.09764461
20.74276730 -5.81136948 -0.37539861
-25.34262033 28.08332269 31.04838595
-5.87648692 -3.54181208 8.92562894
51.06926729 18.68585150 -5.38261968
-19.69391393 -9.29356704 -16.48529308
-6.62195847 3.09284367 2.96736317
-7.07548649 11.43535282 0.70826772
-14.48359380 10.39377576 11.80596886
1.71774007 3.73272853 1.09146694
-24.75522180 3.50715096 19.30080493
-14.81326371 0.14413216 -30.07757827
1.74931543 6.62571144 -12.13117857
-21.74082525 -10.72485608 -20.93592723
25.04092290 -7.16258005 -39.30650570
4.16105111 0.99253762 6.44477495
0.41082318 -6.13189893 28.68947550
-25.98116537 3.41713719 50.01869924
7.13053516 7.02385801 -0.18681968
-4.73125679 21.58790463 12.31651712
2.12029564 14.21840229 -27.68620683
7.86335806 -3.19260236 -6.56325631
-31.40945865 -6.34255713 9.38297421
-24.47736002 -7.36011490 -22.44129727
0.66835501 6.29294678 -0.93268856
34.36366025 8.17525567 -7.03123101
-12.69702870 18.15417341 10.04404726
2.65833773 -4.40859523 -0.09601213
14.67769087 -44.91714864 15.83414136
-5.20212337 -17.29748800 -13.27857425
28.75047115 7.86634531 -8.67185209
1.69398913 11.56314505 8.20506404
13.29865558 -21.49583919 -30.37635674
-35.91920569 -23.92697079 23.85106455
2.93634105 3.13502339 -20.09253377
