9.51381542 -3.91390635 -9.49319579
-10.52084571 0.06601088 50.86577163
0.36125718 -24.92593102 -12.95821028
6.51879227 1.41048502 11.89456892
49.14640701 -35.48263050 -4.15713210
-34.25818082 40.03858786 -24.14209312
1.14741131 9.55041296 -3.75162240
-4.74137878 67.73561271 -0.34414304
9.24663085 2.91755953 -2.30378832
-0.21473349 -1.63713961 -11.48386929
-25.26157740 -15.25067920 64.74175618
-14.39988216 -3.64107934 -13.64367987
-17.99738982 10.68791297 -6.45852702
-21.64068176 -41.24237012 -15.24058473
20.02944655 -1.39885502 -13.00881310
7.05524734 13.81514782 -13.25647949
-35.97553154 -7.78402926 25.19182706
2.91480057 7.50559922 13.44010020
-12.31203720 9.67801746 1.47656068
-30.18695007 -20.71601496 -14.19144734
66.68328792 -24.10357861 -9.73863199
1.34156748 -7.05705398 -4.65984759
-54.75017332 -37.44569131 -11.93125540
50.73974524 -20.91711238 38.65737115
-8.82759634 -5.68333837 2.21404429
53.03582527 -33.70956330 -18.37716184
-27.07077218 25.99472231 64.91640776
1.42869454 9.45689521 -14.94115728
-2.53216193 4.42596266 8.32680954
-11.92100496 6.99148546 -3.59285776
-10.84566469 39.13504722 19.65967033
4.60084400 125.54016333 -38.67698355
-1.01725162 -16.16772116 6.40921655
12.00443428 -33.34073293 12.83402910
-8.89270133 -2.69333899 -7.62964730
-1.01671360 -8.09544888 7.59882021
-2.10902835 8.64069531 -6.30898711
-27.58874333 -25.32333420 6.22838366
10.77722033 -11.92799829 -8.60492079
-24.48031375 -14.18505328 -13.41406113
-3.77612461 0.94335662 -25.80523983
-2.18111453 -9.58990140 -12.82241165
5.82744296 -23.13705333 -25.81500530
14.83637483 -21.33063009 -20.89764118
-3.06916055 -4.95571935 -9.30756723
7.70023077 -51.69726781 -18.51279075
-1.12250981 1.45618650 -36.48205904
-0.98005798 -1.29576432 -1.72683417
-16.82026553 16.99557148 -18.29306485
-14.28295413 -12.67599352 37.77814993
-0.94414319 -1.29972236 -5.95934899
-15.49670940 22.98538453 0.83657044
6.34703855 -1.30062574 -13.91445118
-1.14903245 -1.07428845 10.13889983
-21.63164406 14.60890088 -18.44527443
-13.41001105 -12.33417805 -18.72767140
7.62629237 -4.80749128 0.86875354
-6.93691109 3.03424209 -11.79795770
-21.97948507 -17.21518621 -17.18169535
-2.11032169 20.20040655 38.10260692
-4.19673579 -1.53246360 3.41030257
2.40873867 8.40234322 -25.11429017
5.70040201 8.81734102 7.22104733
-17.29848321 2.20758102 -5.84313214
0.78858811 1.43034686 2.76812372
26.29102313 -2.68051838 5.06658837
6.79595378 0.51278076 -9.25416706
2.17390728 -2.64341296 -4.29258594
-22.41295807 7.70869311 -18.22764244
6.83701604 13.53290686 46.08146720
-0.08115675 6.80677372 -9.65513130
-6.40268713 -21.88046366 9.66653977
-18.98853921 -12.59865689 5.54435834
1.73819666 -2.27098418 -13.70663396
15.43279473 12.83824509 -31.08992604
-14.62659250 -30.59583884 4.13469748
4.36210348 -10.20212142 10.59669148
19.67293502 -28.66724188 24.92281292
-0.09134497 29.89520014 -12.95220486
-6.70962108 -3.61211201 3.39714481
0.67444912 -26.28120544 -28.27800167
1.85559626 -17.59014017 -39.69276405
-2.50923987 3.69470158 1.02143183
21.41254586 38.95464562 -6.52010932
-19.03485054 -19.71311753 -25.67342845
-8.84067123 3.22021202 1.58974746
34.25579760 36.86553938 36.28180722
-3.72284212 -24.09194160 -4.34667861
-1.06748523 7.89846007 -3.54052963
8.69577430 -9.82320981 -4.69899637
14.42593076 14.07234076 11.03673782
-12.95165382 8.41042258 -5.22708587
10.43697746 4.10633438 2.41098432
9.46439806 1.76556844 -5.00689823
-16.07826260 33.81034528 33.67424516
-7.75134933 6.63919305 8.36586228
-0.80297041 -4.57088608 -0.88717113
7.71889195 -29.93526873 -2.58646590
47.42067746 30.96487251 17.36794420
-2.02184549 -0.34227861 22.43571737
18.69084604 -23.98299239 0.56401607
15.14021226 18.98651039 -39.28169406
-3.66782355 10.32693962 -0.94419421
-18.53234840 6.20526595 -18.27861616
12.20307534 16.68348300 -18.15611487
-1.86895466 -2.67528323 12.12058691
27.44639821 -24.18267934 23.77939468
-63.51770316 -11.98905898 16.18136219
-5.03904053 -1.04165765 0.23729054
18.28929778 31.44169188 -21.35034063
-15.17887407 20.45517283 15.95390107
6.40691170 0.24081027 -0.47755146
10.18833909 6.89432063 4.95001905
16.72317848 -21.04745626 20.18313002
8.01420148 5.05586750 4.29099036
-12.47041075 15.16329741 -6.28091500
-41.50468195 -6.35078552 -19.37960539
6.10074864 -5.85708416 0.48671422
42.04698322 26.10250627 -1.43611550
5.29220383 2.99089733 -22.59827186
8.47813892 12.07856335 12.01594787
10.27338962 24.34148854 -7.91412617
-1.45513144 -38.13613996 42.69632639
41.53031341 -32.49299659 30.90458125
-11.69619060 -0.02825817 2.40011637
-6.10031974 -40.83391630 9.98694448
-37.82277092 -29.13727332 -35.13239601
-6.89100993 21.10567235 1.41417336
22.98779951 1.43319235 -7.35245639
-34.31534144 -11.27611873 0.14651216
-47.04214571 -43.27523969 16.42645435
1.50540781 10.56790224 3.98989441
-2.06346612 17.27028387 0.08799100
-4.45199402 -7.61228875 -18.70857262
-0.64701660 -7.20070005 -2.58551003
0.90487066 12.88261083 -8.73014592
12.71040105 -21.46981642 -15.40442073
-5.09430925 -5.29477335 -6.53635765
-38.32351801 -4.89689446 7.24608498
-23.51561140 20.56677551 19.90714411
1.65717365 -3.51982631 10.57648525
3.52844036 16.21763851 -27.34945766
9.61576560 21.83081698 26.66501303
-1.51992228 3.39417026 -7.43094320
13.57440467 -4.29302483 -12.28619758
-57.71287176 -13.03565793 41.71983901
-0.97168154 -7.19576481 -5.40935322
-0.41647645 -7.48984577 -37.75726144
-24.02080566 -38.81703608 -12.61964138
1.47327651 3.58106729 -6.68352590
-7.86408252 52.27320380 -5.60065710
-26.31810386 9.39198435 -11.04791446
-4.48844375 0.96710765 0.91646414
-46.88365522 -15.54201593 8.36396546
-2.54149329 20.78804722 8.10479874
-4.30256740 -28.33450610 7.04655021
7.28425466 1.47817982 -0.11289110
-7.04961965 -117.45887573 20.15116631
4.20023611 34.26362028 -24.15801468
32.11964478 -18.35995497 4.17446325
0.18446546 8.89816084 -6.55947799
19.15678790 -15.17352767 -10.43319982
0.49053294 14.64584909 44.78428752
0.00164176 -5.80841077 4.72873746
6.36777924 1.21718917 -5.38273769
12.28926290 -8.38961389 29.01387366
-3.16626733 2.79899523 -6.37782331
18.74950810 5.57100771 -10.66393843
-6.68234566 13.58813406 2.40308309
-11.88748162 9.23963241 3.00590143
4.99714392 2.50217597 -13.35273372
-43.51441055 32.67717491 7.72792237
-7.44022295 0.33644222 -6.86538649
-0.65547583 -11.69525861 23.80887746
9.74643403 16.12605843 -25.82106469
-4.20699539 6.97799236 -0.48897697
-5.53604531 4.99299010 -32.50282654
8.51769597 38.21998100 -26.26300828
-9.87693041 -1.17844707 12.84863075
-11.19964639 1.51837555 29.10412902
-1.12084346 -8.63389784 6.10660947
-5.27808039 -8.12800878 5.49510176
-1.03737923 24.34230229 -29.11532259
-3.21352838 -3.81147094 2.68669153
-2.00267102 -9.52840397 11.41015472
24.70270017 -17.20577481 25.30006034
50.14849715 -21.77688823 -13.52071562
-9.70742983 8.58146981 -19.51656679
-0.27807095 -1.46158991 0.92215900
16.52078381 10.83023190 14.75085862
-6.49687689 -6.20684596 -9.65232015
-6.12261762 1.36689969 -1.56534818
5.97393345 4.73222238 -0.93247885
-35.57852664 -21.58896515 -6.55638230
-53.07325015 -5.05082436 -4.69991588
11.35078121 -5.06093387 -4.67826588
26.11735839 -36.79625193 9.41870838
14.53877390 41.87917017 19.93923786
2.44108707 3.57124437 3.70389507
1.00423398 21.07503009 -21.02895366
-15.65880632 -2.73564445 34.16376765
-7.83865631 -3.62460250 -3.75854684
19.73079624 2.21518325 -4.68848136
-22.91580288 -40.11112173 19.88491189
0.67843617 -5.37931898 -0.25111551
-2.96939518 -6.94857661 11.63316761
3.27823606 -1.98520096 19.66696625
-13.46052996 -6.06911151 -4.31999025
-23.76690565 23.68918071 -10.74867849
-40.92753014 8.36830209 15.74813304
5.20244636 4.03170251 -8.11566269
22.78203116 -19.29877621 7.77619154
22.51628958 29.07102908 -16.55857466
2.35167287 -1.90788794 -0.33638075
1.60854655 -1.43458636 1.92500356
-17.41221373 -3.66883923 -2.71137043
11.25744973 4.18646920 -0.06641373
37.89840299 19.36867795 -0.12394127
23.77897378 23.21216992 3.23424038
-7.26457971 34.21444411 -10.33816472
-5.40965944 -0.02630166 -7.09736579
-9.11281849 26.47414056 -9.33389149
-15.59537979 5.59182723 -2.47487749
-4.18513667 30.59439041 -4.56884099
-7.24866226 8.71288067 6.34959288
20.21634193 9.35936159 8.12007218
-43.34021424 -11.15744635 4.41294154
8.20872249 -1.41722839 2.60500594
-22.74981091 21.81341481 25.34546941
22.38841179 -38.87878122 -7.68237415
7.16828530 -2.81760359 -2.78913012
-26.16939742 14.21237641 -24.31821647
2.81278893 -5.27517790 -15.57540395
-7.74418260 3.36080950 -1.13593793
24.29190233 10.53189128 -6.64307729
-14.85818562 -0.22730465 -17.09489138
0.04289700 6.57766510 -0.74491258
-36.20422361 19.55988494 -34.16572034
22.92604798 -50.89529177 2.21521946
11.46415994 6.48111957 6.70650968
20.35641024 -0.15561310 2.61853996
25.41253930 -10.49649149 8.90921828
6.37408156 -0.34535658 2.00932767
-10.14013290 -31.41756606 29.73429407
-5.41609077 25.91519287 12.40740357
-0.98685393 0.28170992 0.11856681
3.35126683 5.40378581 -11.27428224
-6.14446864 12.35202949 4.73885867
8.25040856 -6.13975493 0.30342012
-45.46973859 16.13807944 -12.12935496
1.20345633 1.35025873 -2.67258050
7.97796281 29.54568691 13.38259300
-3.01379762 5.75496728 7.17038479
-9.96369280 11.31280199 -32.69304642
12.81704305 4.98686446 9.81104971
14.59566971 -15.54949380 7.91196194
-2.91628370 -0.79195987 -7.27159623
5.88170621 23.81151413 10.03489286
3.53307983 0.93324783 12.47769159
3.93342244 -0.04383722 0.54527437
2.15949331 17.52054000 -12.33403599
-29.53802644 4.28771302 25.04906006
-4.02652315 -11.60424957 -11.70528388
11.24589269 6.01003562 21.96563537
-20.59185402 -20.01895066 0.72127411
8.00456086 8.05684833 -2.93813055
5.72923185 -15.23006332 -1.36060733
-2.99906969 0.75309967 4.18629637
-2.71937526 -3.61405599 8.78835288
5.19322384 -11.30340048 -8.05034399
17.19345047 -18.84102859 9.19817260
8.80230619 -1.70876243 -8.72935697
-11.99727338 -10.25437504 -1.32510784
-15.69391928 -8.58367835 -8.08402072
-0.68097181 2.98132612 7.54462398
18.71137602 -15.32060854 21.80677842
2.71876608 -8.96725123 7.38888231
-8.07216991 10.22792933 11.00108290
-2.83572797 13.62495751 14.10534094
-35.46069667 -1.97442433 -7.98573514
2.06185316 3.61474053 -2.47242029
9.90219874 -14.53619001 30.39040722
-10.66827931 -5.37773375 5.43723043
4.95584471 15.68956754 39.79763354
7.64125897 -9.91436486 0.48295065
-37.55629354 -0.40019980 14.31310147
45.91121363 -3.55832778 -39.66062296
16.96193156 -7.44146551 -23.02182986
3.19364103 -1.69232512 2.38038228
-13.44122448 -24.51652541 6.44785633
20.02929962 20.63176698 -8.62834853
-2.63594709 -4.05105826 4.95828835
4.49568302 -31.05837297 25.95665433
11.49180127 -21.49530855 -2.55128205
1.54427876 -2.71778506 10.37089360
15.78967604 16.30933423 22.29504030
-2.97316638 24.44197306 -36.25890832
-10.28574046 8.81891387 0.12776093
11.02530700 41.55363520 1.38878640
9.20551470 15.72773939 -2.75646491
11.21105607 13.41446989 -2.63634951
4.80265581 -10.23755440 29.25639321
-11.68562956 37.53670138 -22.10430941
9.52367789 -3.85273628 -6.05411054
-0.08006968 18.44035614 19.76892438
-20.91753250 -21.96429047 17.42246829
5.43092827 -12.55026559 -3.34139598
-3.27628787 -23.66687303 7.28090525
-7.33701767 -6.22850244 -10.61229303
1.54517919 -4.70470949 0.96426376
33.51388754 2.77189732 9.42544587
-12.32211562 -1.77971437 4.61624274
-1.32021402 -1.26352484 3.73378816
-7.45565887 -1.28428070 15.00095207
16.04306370 -2.52046613 -2.95991940
24.97251055 20.00270238 35.15198040
1.21122106 -6.68263316 -0.52103827
3.90908169 17.43621751 -6.25718665
-19.54594789 12.46066303 -5.03765794
22.71372661 -20.66286907 -11.54165576
-0.08490328 -1.28096390 4.04332101
-21.78238524 -6.51824213 -17.89403805
-19.38634979 8.83499260 21.89963038
-14.78056948 -1.42211021 4.39086509
0.04930752 10.64762112 -11.58079106
-12.67892961 11.93447954 5.08793740
4.60720968 -4.11523931 2.14756153
22.28401137 1.82766074 -2.11978661
14.43116128 -13.53437090 18.12920336
-0.57157800 -8.48421968 -7.26486700
24.04795365 8.43893087 -32.96598475
21.94690319 -1.30954609 -4.49537793
1.67992645 2.78748363 -10.41416540
26.71660658 23.84911521 8.68127666
10.76442102 -8.13756910 25.76186049
-9.06028567 -3.85566207 -4.63282314
-8.71925663 -7.64990924 27.89533058
15.96813759 -36.17224109 13.79779732
-3.95552288 2.20314935 8.62460651
3.87941939 0.49729872 -11.09160094
18.24803181 -27.68198578 -19.09754042
3.26716192 19.01799895 -1.30131577
11.77968776 -16.75305654 -11.06248588
-3.54343093 11.35707776 6.75024759
-6.32983307 2.56961312 3.76082402
-3.81850269 25.85098859 -3.29313076
40.11552161 4.48877143 -12.21887096
-21.68911546 -32.57795198 13.80094036
1.76926736 3.81243838 -7.11613535
-4.33104456 -34.15217102 -43.73718147
-6.28739631 21.63865658 -1.11075110
19.40027286 18.04468692 -6.79351234
