2.10924800 -3.24765351 9.94091407
-4.29165469 -20.75265314 -9.96044484
-15.69775514 6.05850007 39.69889817
15.36210085 -3.40030894 2.47840697
-1.69719888 -13.07836757 35.06735414
34.51925198 12.45554349 -9.35791667
-16.25928160 16.12280522 4.70744114
2.89552598 -23.17075111 -21.37658885
8.85499071 8.71136641 -3.25123090
4.22225780 -3.94693812 8.20036363
52.72833968 19.59921840 -28.54044398
12.82655546 -38.33679088 -30.05366897
2.27355884 1.53064759 0.73521880
9.42989981 15.81536743 19.61584679
-17.53616854 23.83831365 -6.62336671
-3.02854972 7.75516409 -2.20675850
7.81770034 -14.84455650 -0.68244195
4.61956221 9.82616973 -3.09936948
-1.28588910 6.81869459 -8.33646597
7.28387951 -11.82727789 2.38987856
50.51333662 2.95237504 25.68523635
5.10886087 3.43482627 -0.05003753
16.35346908 -9.04917948 14.54473453
-32.44572510 -40.12378353 -12.17134133
0.66967689 5.51603267 -1.77031654
-4.24955463 -8.00533542 -49.00513303
-45.84252795 33.46804104 -34.10125164
-4.78277929 -1.48760108 52.98942345
-2.41602017 3.59363809 -1.79955453
-7.57017660 19.07775790 32.01472386
-28.99744902 114.78393465 -31.39383619
1.92196862 -42.22879647 -19.34203449
1.32920965 1.01358203 10.78624041
-9.94531315 2.22980815 -4.93248925
-7.45150023 -41.83441618 2.13408425
-4.07680100 7.46543896 5.69429353
-16.90841641 -6.07481068 -6.28738538
4.05334875 6.91810336 -1.69892968
-0.11661536 -5.96778764 3.58365058
-0.03772156 3.22710841 -11.25015457
-40.47168131 -34.13968695 -32.69074910
4.90775355 6.17176819 -4.75948453
7.17983199 -1.65872718 -11.95933001
23.22278913 6.46230024 -7.44585146
6.64405833 -11.79716510 -0.92284215
17.23245899 16.56370521 6.61084862
-47.88517478 -5.52113685 -24.13437827
-1.95087428 0.31995441 -0.13317214
29.49372684 -12.41261919 -12.91742247
-35.90323655 -32.11981990 15.29851657
-1.75978552 4.18556516 0.67450304
6.81624586 7.50724046 -9.12756457
-24.39795578 -8.86251016 -19.40745517
-0.32953661 2.50194046 3.65688691
-7.95194153 10.31978298 9.44835124
0.14122535 16.03882421 -8.37805349
-0.59777432 2.87068292 -6.91065163
28.30867450 -21.13969773 -19.18277538
-6.54348096 40.50467560 11.33561319
-8.16780635 -19.74732204 -38.65858720
6.34908478 14.87483333 0.43819253
-37.86231400 19.15866459 1.50863107
28.22953524 3.07608920 6.41296935
-0.56257229 -26.43537632 1.53470312
-6.60587946 7.89430004 -5.91228016
20.95275119 -6.21062716 13.52358481
-17.22973328 3.37942469 -3.58658264
-9.22852723 -2.86632347 -4.18934366
-24.21394226 3.62293859 -32.42661008
17.74591851 -31.14690255 15.99922664
11.58775167 -6.79940401 -3.79309607
5.13244756 8.29203489 3.01610717
13.45764223 -39.20308433 35.63096324
2.90590554 3.16330508 1.29415377
-15.35137310 31.87550690 -6.28816429
9.11800157 31.38842009 35.13712539
4.12716852 1.82764143 14.35039776
-18.60948393 -1.41889894 -2.13665162
-19.32657330 4.71608555 24.45736582
5.13428776 -9.40586249 -4.00545585
-15.00387678 4.36254440 -15.72672851
-20.21267630 28.04109479 -29.39440172
3.21976814 -4.79008835 -3.46148462
9.12819375 -15.02750791 26.20349613
45.13276571 -17.89420111 -10.28325397
11.19004399 -0.30329814 2.41779628
2.51957609 -8.60880123 21.51397471
17.39756195 -13.14885859 33.70863190
4.88601022 0.82224667 2.48278164
-10.13066473 -17.25592847 -25.64818758
-4.47340336 6.97165988 -9.23134053
-12.84122880 -17.46182007 10.09719376
-8.62407716 -0.02707796 3.58031574
-53.55734626 -4.59641050 -21.97854617
-20.98589246 -4.87464286 -32.60159669
-14.84034457 17.08536583 8.19591075
3.87341313 -4.86615689 7.35886672
0.54562612 -11.99138677 1.26416527
-49.42970622 -0.91035773 18.14441956
-2.04489936 3.56757763 6.57701669
-22.29963917 25.36068746 19.13385278
-41.08728026 3.05664509 20.53698799
6.70412003 -6.97057459 -12.38149589
27.00759334 7.40139200 19.95089971
7.59421214 9.24406204 32.96718781
7.58611448 -8.53004610 -12.00434511
-26.12388815 64.00017476 -20.36864860
-14.55466077 20.51433817 -5.99904923
-3.96198187 -2.46620112 1.10004123
-35.44073734 -25.03938973 5.78376302
-51.21949108 21.44191936 -0.82395734
10.70446979 -9.60676471 0.99430115
-10.31455635 -28.77394375 37.40062658
27.85075213 26.59943167 -18.23893202
2.41228540 -7.81752818 0.96247168
-4.64100886 11.82990780 -8.82544749
-18.88045849 4.86672913 -1.54377805
13.72024012 12.33381417 8.78641722
-4.82546484 43.87046903 -29.31761707
-23.79235413 13.09892299 14.58486251
-3.16134322 1.04013897 1.47302882
-10.62886251 -43.67518261 13.92274091
2.65747422 4.85862714 10.48429277
-14.18975331 -21.61502196 5.29941060
8.28043668 11.70547071 -11.09743347
29.36120612 3.81776097 -6.86992039
-9.53188170 20.66422377 -32.96760187
31.76426941 4.12717351 -3.82298374
-7.35525368 6.91314773 -10.61769472
22.69932519 -2.81190700 -16.52130096
-24.65238442 -10.24415042 -35.11685267
-2.48574830 6.57825335 2.63917216
15.10672961 7.58664365 -12.18084228
-0.03605501 -11.41177123 15.43243405
4.01048534 1.13975067 3.51083497
-3.42313187 0.94712761 31.46264654
-14.86107375 -1.54716283 -13.08291839
-4.15856956 -6.55468300 -0.60660762
9.61659428 -15.72140420 -2.98274714
51.22622319 -21.00559715 22.38001111
-5.63591069 5.65252228 -2.61759529
9.23168852 29.20107742 3.59100218
13.65726644 -8.37759626 13.10779168
3.22123794 -8.43700761 -3.26780756
-12.10686959 9.23550095 28.10636742
16.05068301 16.27998054 -15.10363722
0.13201083 3.16539796 5.92657527
-31.00205606 -16.81791579 -7.80597940
21.43991349 -38.18673498 -5.06176115
0.73124119 -8.89190258 -3.71150700
9.78027040 -14.06725067 -17.40685927
-3.54898124 -21.58278616 -12.91305643
-3.65440705 -2.44530934 -5.78056453
-16.03502225 -12.74503997 -2.18223430
-20.28835532 -0.21001376 7.61842117
-33.40997184 -12.79437496 45.33885064
6.21138638 6.52483661 -0.60902271
-6.99637655 35.97725530 -6.33658593
20.69437396 -5.04795140 -5.85000576
0.50845659 -15.02971043 -17.46721355
-2.74458958 5.89255527 7.08695067
-20.03213429 -29.75554187 0.60340919
25.09242704 -20.35100496 -30.23311746
4.74970757 0.90893369 -5.04529703
12.78679201 22.68631939 3.71584627
76.98925740 7.75231136 -29.77507659
-4.68414409 -6.32803111 -10.45571472
7.65599572 22.57702330 -4.32821465
-17.91868170 -34.78674360 10.52543536
-10.83264359 -0.59577324 7.19513599
18.42191948 -24.29656757 18.71698362
-20.87457029 -9.23629649 -6.35332323
-3.87971284 -3.21628072 -2.39403192
-22.67789461 0.24231849 21.99055240
-13.30162688 21.11518737 3.99831674
11.35349301 -1.50256853 0.87802147
-47.27816208 36.36864080 30.59430166
31.64925910 -130.00831646 -8.32137553
-8.78072334 -2.73261788 -1.21210351
6.70044104 15.36597095 -4.10619173
7.77344055 -29.97508766 -4.93523291
8.62433726 -2.98719831 -2.21143886
13.38369814 -28.61698169 -62.18083639
-31.78528400 -7.15176141 9.45042067
8.21058428 3.99056685 -6.58752819
-32.54477520 -3.92082247 -15.62168146
-31.66370127 -51.83689152 -10.08597034
-13.15748944 12.05495173 -5.37891039
-7.60157457 -3.45617510 -0.73666734
12.40642662 18.88392984 -10.40621076
7.21062310 -33.96860689 -34.96605041
-48.90688705 24.83684904 33.66772561
-10.53951775 -0.98884920 7.70479507
-23.60886193 -17.39140387 3.73177366
-25.70073184 15.39995688 -32.57103165
-6.40843188 5.58876131 1.21562030
-10.33973296 -37.36215349 15.98973891
-4.77164617 1.71915819 5.87140111
-3.59724748 -9.69824488 1.96617437
4.44507693 -40.32347589 -12.90538858
7.41225910 -25.27993686 -19.31242065
0.99583778 -4.03007441 -1.00015069
-10.87817879 -22.77644457 10.98835376
17.24800692 39.96563377 -22.96940880
-4.54116407 3.73424783 -0.99309950
-27.20201005 -5.39456443 -0.96438686
-9.59736071 -0.03169129 4.26560477
0.02240590 2.59016708 -4.11040315
-26.51096034 2.05842729 11.45252279
2.39452694 14.51866997 -2.12699604
-11.39933312 -1.40058983 -2.81901621
-14.98964964 -30.27037790 17.53948383
-13.38768509 13.73306504 12.89322194
4.87696018 -5.79794889 -5.79623480
-4.46782850 -50.13883379 16.53470420
-10.50648956 -38.14062975 -8.26078236
-1.04703089 4.33959528 2.80375926
-21.04265044 0.43839864 10.93923055
-3.45125848 30.78936274 -4.73681283
-35.37979016 16.78360723 -12.37994766
6.56986595 2.42606934 9.72728345
-8.18614488 4.17273198 -0.12447596
2.96427755 -5.73278788 -0.90253788
5.48796713 -0.95001546 -2.48348452
-2.74618266 -3.70507578 -0.68844582
-15.96824679 -19.72733021 -10.65731546
-32.42032548 16.40552505 14.53018878
1.25008084 9.33991950 -3.13530980
4.87000070 23.19018612 -24.33200342
-14.75059436 37.98375895 -15.49467532
1.64070520 2.54163065 -2.67509069
17.26777383 6.60089491 27.51187412
-6.15892152 -39.89506978 0.75193638
6.65942677 -1.39271930 -0.67915698
12.13982084 -28.11092765 46.06381296
-8.92417924 -10.40606925 -7.65899554
-2.92623443 4.26389788 0.70845599
-26.16841964 27.90251181 5.39810602
28.36182383 25.69641704 -25.69193459
-5.21127709 -3.61952023 6.12031503
-25.99486362 14.01176137 -23.34355336
16.40123043 -6.05406760 9.17006785
14.41551872 -7.60122866 -0.69627734
8.79289239 -18.94487243 1.53140663
-19.09566041 20.09493076 -5.07973216
-0.00663158 -8.97668510 5.66736432
5.17845354 -52.46895145 27.57928489
-8.34912337 22.88356308 26.79685727
7.26070527 1.32658388 5.50759603
-31.70446346 -4.39252622 39.64658122
-3.96914268 24.58561632 22.92558990
-6.05513535 33.01244679 12.67468396
-1.43972998 1.98185987 -5.47018561
42.13375609 -6.45618549 -11.33234530
-7.71237811 -8.94611060 37.71091605
9.94874684 -6.58617215 24.57758416
2.10920952 6.09510346 3.46801510
-1.61571362 7.32511224 23.45570719
-3.34448686 25.59824327 1.94205984
7.51899946 -0.24636278 14.03750410
7.94910526 24.65744315 -14.01120133
28.76312615 -24.19065231 -15.46342627
-2.09330937 -0.09864353 0.48951331
11.93979324 25.66576600 -5.46430969
-6.09110153 -32.50393271 23.06386678
5.96515454 -13.16232352 -17.42735758
16.02796137 -38.93247603 -16.65319184
-20.98118333 2.98343213 -4.57223905
-3.18280401 -4.81587873 -1.80471193
5.71418422 -6.95920884 -30.20676900
-2.06411859 32.36951866 -3.43744605
-0.73521751 3.33319381 0.67609124
24.23571657 11.86351874 -4.85858310
10.94714127 -28.37210717 14.81903991
8.24351647 -8.43036912 15.86749220
-44.23642216 -28.40944583 -0.87277262
-14.56804625 -3.17420382 5.80883746
-6.93887452 4.49998561 12.21893871
-18.34753781 60.34040302 26.71758564
-7.48606384 -5.09960498 -46.36393169
-9.83083936 -7.35860131 -0.98041347
6.90300649 15.14273959 1.46720995
-22.47572797 3.62240128 -41.49369510
22.87587399 -15.62500277 8.67858314
-8.82263186 -9.14670639 5.06185413
-2.60451217 -6.58279389 -20.96609734
21.72597614 -3.07392089 -6.48122763
20.01244423 13.52719358 18.78214932
3.94651645 12.50704584 2.01819597
-1.71502339 -11.44948569 -34.58850629
40.14496591 10.82806147 2.05310409
3.38675126 5.82139572 -2.79164928
2.16294020 -1.87485280 -25.41202390
28.89771344 9.70593011 -8.03357942
1.76442928 -8.59245166 -1.74002905
-34.51114987 4.44899861 -13.64745674
1.12306044 -12.39938754 -39.65815006
-1.61671091 -4.09060659 3.23465751
-32.37253086 8.67671335 -14.84236797
24.41804447 -1.08007745 10.11274528
-3.36348614 0.63313425 -1.84728362
-30.23147321 46.41691732 -18.10565699
19.38708810 15.97311177 -22.69400162
-5.03488619 7.05353650 5.90881131
19.76545370 12.99211625 1.97222916
17.86607652 32.32890501 -16.62577214
1.00892096 3.54062308 -4.31156223
9.26995609 6.69407686 13.03174571
13.87981179 -17.87673079 24.46609754
0.63433613 1.29448132 -0.10986510
-28.84059264 10.66011369 11.91036792
25.67023320 6.40375650 33.16597650
-0.11345673 -12.49440510 -17.00853510
2.95499307 17.10592808 -35.52175746
27.83399166 -0.06792085 -28.75659382
19.97794878 -14.52385480 1.60233825
6.83630114 1.34926446 -8.11285285
1.62758605 -23.24746390 4.90764076
-3.77127307 -30.61642146 3.42594284
-29.20894255 7.76559495 -30.15787974
-3.91374614 -3.87227107 -3.80009409
-3.82351791 16.83574569 10.49946533
5.39163726 9.86439388 -23.08117516
-3.66440606 9.70748670 6.73682968
-15.31923536 -30.04426547 27.87002371
5.80276986 10.38537715 -12.36021288
1.57982548 -5.36123774 -0.10329561
17.23435655 8.41090605 26.66089984
-11.79651110 -32.55641128 -8.18267376
-11.80744295 2.00784719 3.20828944
21.76682877 -17.90309926 -7.66408041
0.88882661 15.35839271 19.74870293
2.40207635 7.13074516 -4.79319162
-8.11103724 -2.99275408 -17.96058866
-29.56927975 1.52173586 15.69439206
-3.06006670 -5.04886445 2.46781454
15.57235688 -0.68949501 -1.24907987
-7.94547657 -6.79458681 25.38091820
-2.13126957 -11.60315356 -0.31704512
16.99327585 -4.95543307 6.56684089
11.41472821 10.09554219 3.17620476
-0.23909054 4.39712940 -4.14769796
-5.68821645 5.89881933 -9.94611603
7.57009848 26.92023079 -10.14621261
4.26335787 12.98576107 11.19618647
6.21050196 11.05971182 6.58103617
20.08227473 8.16450124 31.94765948
4.06018657 16.45281255 0.41615937
4.14545992 4.01269692 -2.31167042
-15.49758452 -10.03681842 8.56809630
-9.02258546 50.59566674 3.13567939
-8.65629258 17.38427226 -31.33632980
