0.000000e+00 0.000000e+00
2.000000e-02 0.000000e+00
4.000000e-02 0.000000e+00
6.000000e-02 0.000000e+00
8.000000e-02 0.000000e+00
1.000000e-01 0.000000e+00
1.200000e-01 0.000000e+00
1.400000e-01 0.000000e+00
1.600000e-01 0.000000e+00
1.800000e-01 0.000000e+00
2.000000e-01 0.000000e+00
2.200000e-01 0.000000e+00
2.400000e-01 0.000000e+00
2.600000e-01 0.000000e+00
2.800000e-01 0.000000e+00
3.000000e-01 0.000000e+00
3.200000e-01 0.000000e+00
3.400000e-01 0.000000e+00
3.600000e-01 0.000000e+00
3.800000e-01 0.000000e+00
4.000000e-01 0.000000e+00
4.200000e-01 0.000000e+00
4.400000e-01 0.000000e+00
4.600000e-01 0.000000e+00
4.800000e-01 0.000000e+00
5.000000e-01 0.000000e+00
5.200000e-01 0.000000e+00
5.400000e-01 0.000000e+00
5.600000e-01 0.000000e+00
5.800000e-01 0.000000e+00
6.000000e-01 0.000000e+00
6.200000e-01 0.000000e+00
6.400000e-01 0.000000e+00
6.600000e-01 0.000000e+00
6.800000e-01 0.000000e+00
7.000000e-01 0.000000e+00
7.200000e-01 0.000000e+00
7.400000e-01 0.000000e+00
7.600000e-01 0.000000e+00
7.800000e-01 0.000000e+00
8.000000e-01 0.000000e+00
8.200000e-01 0.000000e+00
8.400000e-01 0.000000e+00
8.600000e-01 0.000000e+00
8.800000e-01 0.000000e+00
9.000000e-01 0.000000e+00
9.200000e-01 0.000000e+00
9.400000e-01 0.000000e+00
9.600000e-01 0.000000e+00
9.800000e-01 0.000000e+00
1.000000e+00 0.000000e+00
1.020000e+00 0.000000e+00
1.040000e+00 0.000000e+00
1.060000e+00 0.000000e+00
1.080000e+00 0.000000e+00
1.100000e+00 3.913784e-04
1.120000e+00 2.453915e-03
1.140000e+00 6.376913e-03
1.160000e+00 7.566667e-03
1.180000e+00 8.332671e-03
1.200000e+00 1.282579e-02
1.220000e+00 9.386086e-03
1.240000e+00 1.355163e-02
1.260000e+00 3.504927e-02
1.280000e+00 7.934226e-02
1.300000e+00 1.727542e-01
1.320000e+00 2.713828e-01
1.340000e+00 2.616280e-01
1.360000e+00 1.732097e-01
1.380000e+00 1.099123e-01
1.400000e+00 1.580170e-01
1.420000e+00 5.378250e-01
1.440000e+00 1.939056e+00
1.460000e+00 5.277317e+00
1.480000e+00 1.055561e+01
1.500000e+00 1.550714e+01
1.520000e+00 1.772641e+01
1.540000e+00 1.627175e+01
1.560000e+00 1.244507e+01
1.580000e+00 8.221516e+00
1.600000e+00 4.760836e+00
1.620000e+00 2.498213e+00
1.640000e+00 1.260600e+00
1.660000e+00 6.180819e-01
1.680000e+00 2.820534e-01
1.700000e+00 1.442006e-01
1.720000e+00 7.283442e-02
1.740000e+00 3.073592e-02
1.760000e+00 1.490601e-02
1.780000e+00 1.053735e-02
1.800000e+00 5.554190e-03
1.820000e+00 3.288268e-03
1.840000e+00 1.258894e-03
1.860000e+00 6.844257e-04
1.880000e+00 7.369350e-04
1.900000e+00 6.559111e-05
1.920000e+00 0.000000e+00
1.940000e+00 0.000000e+00
1.960000e+00 0.000000e+00
1.980000e+00 0.000000e+00
2.000000e+00 0.000000e+00
2.020000e+00 0.000000e+00
2.040000e+00 0.000000e+00
2.060000e+00 0.000000e+00
2.080000e+00 1.641900e-04
2.100000e+00 5.369249e-04
2.120000e+00 8.956315e-04
2.140000e+00 7.755609e-04
2.160000e+00 7.105141e-04
2.180000e+00 8.470092e-04
2.200000e+00 1.859047e-03
2.220000e+00 1.105030e-03
2.240000e+00 1.604483e-03
2.260000e+00 1.761647e-03
2.280000e+00 3.689500e-03
2.300000e+00 8.504526e-03
2.320000e+00 2.428372e-02
2.340000e+00 4.873538e-02
2.360000e+00 1.036907e-01
2.380000e+00 1.847653e-01
2.400000e+00 3.176029e-01
2.420000e+00 5.368919e-01
2.440000e+00 8.192939e-01
2.460000e+00 1.161499e+00
2.480000e+00 1.598553e+00
2.500000e+00 2.031265e+00
2.520000e+00 2.412098e+00
2.540000e+00 2.745939e+00
2.560000e+00 2.916515e+00
2.580000e+00 2.935859e+00
2.600000e+00 2.776116e+00
2.620000e+00 2.475186e+00
2.640000e+00 2.109264e+00
2.660000e+00 1.732475e+00
2.680000e+00 1.292382e+00
2.700000e+00 9.506110e-01
2.720000e+00 6.696353e-01
2.740000e+00 4.566880e-01
2.760000e+00 3.101852e-01
2.780000e+00 1.939089e-01
2.800000e+00 1.260935e-01
2.820000e+00 7.878505e-02
2.840000e+00 5.516229e-02
2.860000e+00 4.541957e-02
2.880000e+00 4.250714e-02
2.900000e+00 5.028490e-02
2.920000e+00 5.995689e-02
2.940000e+00 7.905946e-02
2.960000e+00 8.861560e-02
2.980000e+00 1.071612e-01
3.000000e+00 1.271530e-01
3.020000e+00 1.526306e-01
3.040000e+00 1.709212e-01
3.060000e+00 1.872048e-01
3.080000e+00 2.140101e-01
3.100000e+00 2.383115e-01
3.120000e+00 2.539229e-01
3.140000e+00 2.722885e-01
3.160000e+00 2.912848e-01
3.180000e+00 3.004873e-01
3.200000e+00 3.135306e-01
3.220000e+00 3.269812e-01
3.240000e+00 3.259343e-01
3.260000e+00 3.405958e-01
3.280000e+00 3.382376e-01
3.300000e+00 3.457175e-01
3.320000e+00 3.396099e-01
3.340000e+00 3.249209e-01
3.360000e+00 3.282793e-01
3.380000e+00 3.287168e-01
3.400000e+00 3.186136e-01
3.420000e+00 3.226313e-01
3.440000e+00 3.313566e-01
3.460000e+00 3.311169e-01
3.480000e+00 3.348299e-01
3.500000e+00 3.447960e-01
3.520000e+00 3.583176e-01
3.540000e+00 3.661463e-01
3.560000e+00 3.812128e-01
3.580000e+00 3.995604e-01
3.600000e+00 4.060588e-01
3.620000e+00 4.198522e-01
3.640000e+00 4.478121e-01
3.660000e+00 4.755440e-01
3.680000e+00 4.917204e-01
3.700000e+00 5.223429e-01
3.720000e+00 5.595864e-01
3.740000e+00 5.977492e-01
3.760000e+00 6.559559e-01
3.780000e+00 7.128839e-01
3.800000e+00 7.861750e-01
3.820000e+00 8.714454e-01
3.840000e+00 9.539699e-01
3.860000e+00 1.021011e+00
3.880000e+00 1.070548e+00
3.900000e+00 1.126319e+00
3.920000e+00 1.148709e+00
3.940000e+00 1.144277e+00
3.960000e+00 1.104224e+00
3.980000e+00 1.065067e+00
4.000000e+00 1.020983e+00
4.020000e+00 9.509950e-01
4.040000e+00 9.108468e-01
4.060000e+00 8.661985e-01
4.080000e+00 8.418955e-01
4.100000e+00 8.142774e-01
4.120000e+00 8.111757e-01
4.140000e+00 8.054432e-01
4.160000e+00 8.127132e-01
4.180000e+00 8.153083e-01
4.200000e+00 8.181931e-01
4.220000e+00 8.240847e-01
4.240000e+00 8.320944e-01
4.260000e+00 8.320108e-01
4.280000e+00 8.406692e-01
4.300000e+00 8.659709e-01
4.320000e+00 8.746429e-01
4.340000e+00 8.817107e-01
4.360000e+00 9.094263e-01
4.380000e+00 9.195427e-01
4.400000e+00 9.303063e-01
4.420000e+00 9.443892e-01
4.440000e+00 9.624811e-01
4.460000e+00 9.823658e-01
4.480000e+00 9.957703e-01
4.500000e+00 1.004408e+00
4.520000e+00 1.021755e+00
4.540000e+00 1.054669e+00
4.560000e+00 1.067564e+00
4.580000e+00 1.071264e+00
4.600000e+00 1.108856e+00
4.620000e+00 1.113842e+00
4.640000e+00 1.113873e+00
4.660000e+00 1.125377e+00
4.680000e+00 1.133541e+00
4.700000e+00 1.138074e+00
4.720000e+00 1.148538e+00
4.740000e+00 1.154621e+00
4.760000e+00 1.167136e+00
4.780000e+00 1.168530e+00
4.800000e+00 1.156788e+00
4.820000e+00 1.172943e+00
4.840000e+00 1.172235e+00
4.860000e+00 1.181704e+00
4.880000e+00 1.192053e+00
4.900000e+00 1.205547e+00
4.920000e+00 1.212316e+00
4.940000e+00 1.218238e+00
4.960000e+00 1.225489e+00
4.980000e+00 1.230598e+00
5.000000e+00 1.247027e+00
5.020000e+00 1.256466e+00
5.040000e+00 1.250215e+00
5.060000e+00 1.260623e+00
5.080000e+00 1.270480e+00
5.100000e+00 1.286307e+00
5.120000e+00 1.279466e+00
5.140000e+00 1.268041e+00
5.160000e+00 1.257234e+00
5.180000e+00 1.257349e+00
5.200000e+00 1.243939e+00
5.220000e+00 1.234451e+00
5.240000e+00 1.221932e+00
5.260000e+00 1.221173e+00
5.280000e+00 1.216381e+00
5.300000e+00 1.198258e+00
5.320000e+00 1.193357e+00
5.340000e+00 1.188603e+00
5.360000e+00 1.181290e+00
5.380000e+00 1.185294e+00
5.400000e+00 1.182661e+00
5.420000e+00 1.174175e+00
5.440000e+00 1.175678e+00
5.460000e+00 1.181116e+00
5.480000e+00 1.174702e+00
5.500000e+00 1.182409e+00
5.520000e+00 1.182451e+00
5.540000e+00 1.181312e+00
5.560000e+00 1.177876e+00
5.580000e+00 1.174064e+00
5.600000e+00 1.172269e+00
5.620000e+00 1.169443e+00
5.640000e+00 1.166575e+00
5.660000e+00 1.164473e+00
5.680000e+00 1.164103e+00
5.700000e+00 1.171741e+00
5.720000e+00 1.159900e+00
5.740000e+00 1.166132e+00
5.760000e+00 1.154030e+00
5.780000e+00 1.149105e+00
5.800000e+00 1.154357e+00
5.820000e+00 1.152847e+00
5.840000e+00 1.150629e+00
5.860000e+00 1.144395e+00
5.880000e+00 1.140418e+00
5.900000e+00 1.130828e+00
5.920000e+00 1.126322e+00
5.940000e+00 1.123763e+00
5.960000e+00 1.120407e+00
5.980000e+00 1.125314e+00
6.000000e+00 1.124329e+00
6.020000e+00 1.118132e+00
6.040000e+00 1.109181e+00
6.060000e+00 1.107830e+00
6.080000e+00 1.108829e+00
6.100000e+00 1.099852e+00
6.120000e+00 1.100388e+00
6.140000e+00 1.095034e+00
6.160000e+00 1.086992e+00
6.180000e+00 1.091605e+00
6.200000e+00 1.093019e+00
6.220000e+00 1.084404e+00
6.240000e+00 1.086312e+00
6.260000e+00 1.077393e+00
6.280000e+00 1.066429e+00
6.300000e+00 1.061340e+00
6.320000e+00 1.060004e+00
6.340000e+00 1.055583e+00
6.360000e+00 1.049212e+00
6.380000e+00 1.051480e+00
6.400000e+00 1.052214e+00
6.420000e+00 1.052074e+00
6.440000e+00 1.042364e+00
6.460000e+00 1.037202e+00
6.480000e+00 1.025272e+00
6.500000e+00 1.013553e+00
6.520000e+00 1.015727e+00
6.540000e+00 1.015077e+00
6.560000e+00 1.007719e+00
6.580000e+00 1.005496e+00
6.600000e+00 1.007674e+00
6.620000e+00 1.011709e+00
6.640000e+00 9.933521e-01
6.660000e+00 9.906193e-01
6.680000e+00 9.922633e-01
6.700000e+00 9.923350e-01
6.720000e+00 9.856243e-01
6.740000e+00 9.863772e-01
6.760000e+00 9.807358e-01
6.780000e+00 9.790688e-01
6.800000e+00 9.778960e-01
6.820000e+00 9.807825e-01
6.840000e+00 9.773176e-01
6.860000e+00 9.750085e-01
6.880000e+00 9.864162e-01
6.900000e+00 9.734748e-01
6.920000e+00 9.742444e-01
6.940000e+00 9.657908e-01
6.960000e+00 9.669448e-01
6.980000e+00 9.607214e-01
7.000000e+00 9.583998e-01
7.020000e+00 9.667605e-01
7.040000e+00 9.563066e-01
7.060000e+00 9.494710e-01
7.080000e+00 9.517006e-01
7.100000e+00 9.448763e-01
7.120000e+00 9.506546e-01
7.140000e+00 9.446442e-01
7.160000e+00 9.447690e-01
7.180000e+00 9.456585e-01
7.200000e+00 9.422574e-01
7.220000e+00 9.376849e-01
7.240000e+00 9.266300e-01
7.260000e+00 9.263564e-01
7.280000e+00 9.315673e-01
7.300000e+00 9.297845e-01
7.320000e+00 9.218117e-01
7.340000e+00 9.227547e-01
7.360000e+00 9.310174e-01
7.380000e+00 9.298952e-01
7.400000e+00 9.291995e-01
7.420000e+00 9.283947e-01
7.440000e+00 9.294372e-01
7.460000e+00 9.260303e-01
7.480000e+00 9.243266e-01
7.500000e+00 9.173408e-01
7.520000e+00 9.239029e-01
7.540000e+00 9.241226e-01
7.560000e+00 9.230055e-01
7.580000e+00 9.229999e-01
7.600000e+00 9.261956e-01
7.620000e+00 9.287375e-01
7.640000e+00 9.252322e-01
7.660000e+00 9.164886e-01
7.680000e+00 9.189877e-01
7.700000e+00 9.219316e-01
7.720000e+00 9.229973e-01
7.740000e+00 9.291463e-01
7.760000e+00 9.238636e-01
7.780000e+00 9.310825e-01
7.800000e+00 9.230174e-01
7.820000e+00 9.290354e-01
7.840000e+00 9.289551e-01
7.860000e+00 9.268628e-01
7.880000e+00 9.282652e-01
7.900000e+00 9.272892e-01
7.920000e+00 9.315884e-01
7.940000e+00 9.310477e-01
7.960000e+00 9.336883e-01
7.980000e+00 9.316429e-01
8.000000e+00 9.278969e-01
8.020000e+00 9.247031e-01
8.040000e+00 9.271706e-01
8.060000e+00 9.269088e-01
8.080000e+00 9.325317e-01
8.100000e+00 9.365722e-01
8.120000e+00 9.419513e-01
8.140000e+00 9.428530e-01
8.160000e+00 9.433363e-01
8.180000e+00 9.431595e-01
8.200000e+00 9.388742e-01
8.220000e+00 9.371216e-01
8.240000e+00 9.343670e-01
8.260000e+00 9.380380e-01
8.280000e+00 9.327107e-01
8.300000e+00 9.368586e-01
8.320000e+00 9.352742e-01
8.340000e+00 9.414968e-01
8.360000e+00 9.373532e-01
8.380000e+00 9.391660e-01
8.400000e+00 9.396019e-01
8.420000e+00 9.459880e-01
8.440000e+00 9.542910e-01
8.460000e+00 9.543696e-01
8.480000e+00 9.609468e-01
8.500000e+00 9.590911e-01
8.520000e+00 9.665877e-01
8.540000e+00 9.671435e-01
8.560000e+00 9.700748e-01
8.580000e+00 9.647631e-01
8.600000e+00 9.626277e-01
8.620000e+00 9.642812e-01
8.640000e+00 9.651224e-01
8.660000e+00 9.685472e-01
8.680000e+00 9.716348e-01
8.700000e+00 9.729507e-01
8.720000e+00 9.725378e-01
8.740000e+00 9.738792e-01
8.760000e+00 9.734209e-01
8.780000e+00 9.775640e-01
8.800000e+00 9.813109e-01
8.820000e+00 9.905565e-01
8.840000e+00 9.870612e-01
8.860000e+00 9.867514e-01
8.880000e+00 9.906263e-01
8.900000e+00 9.875901e-01
8.920000e+00 9.988882e-01
8.940000e+00 1.001078e+00
8.960000e+00 9.978968e-01
8.980000e+00 9.976440e-01
9.000000e+00 1.002224e+00
9.020000e+00 9.971417e-01
9.040000e+00 1.001076e+00
9.060000e+00 1.000706e+00
9.080000e+00 9.987634e-01
9.100000e+00 1.004566e+00
9.120000e+00 1.002943e+00
9.140000e+00 1.007538e+00
9.160000e+00 1.001811e+00
9.180000e+00 1.009333e+00
9.200000e+00 1.005590e+00
9.220000e+00 1.008357e+00
9.240000e+00 1.006967e+00
9.260000e+00 1.010940e+00
9.280000e+00 1.019790e+00
9.300000e+00 1.015682e+00
9.320000e+00 1.013577e+00
9.340000e+00 1.017799e+00
9.360000e+00 1.019851e+00
9.380000e+00 1.021365e+00
9.400000e+00 1.025607e+00
9.420000e+00 1.025740e+00
9.440000e+00 1.023675e+00
9.460000e+00 1.019864e+00
9.480000e+00 1.026597e+00
9.500000e+00 1.026464e+00
9.520000e+00 1.023556e+00
9.540000e+00 1.023549e+00
9.560000e+00 1.021973e+00
9.580000e+00 1.023317e+00
9.600000e+00 1.026182e+00
9.620000e+00 1.025952e+00
9.640000e+00 1.034403e+00
9.660000e+00 1.033766e+00
9.680000e+00 1.038361e+00
9.700000e+00 1.028494e+00
9.720000e+00 1.032759e+00
9.740000e+00 1.034400e+00
9.760000e+00 1.030404e+00
9.780000e+00 1.028662e+00
9.800000e+00 1.025597e+00
9.820000e+00 1.027579e+00
9.840000e+00 1.033039e+00
9.860000e+00 1.031312e+00
9.880000e+00 1.033538e+00
9.900000e+00 1.034995e+00
9.920000e+00 1.033699e+00
9.940000e+00 1.036985e+00
9.960000e+00 1.035913e+00
9.980000e+00 1.034304e+00
1.000000e+01 1.036735e+00
1.002000e+01 1.034166e+00
1.004000e+01 1.031901e+00
1.006000e+01 1.035614e+00
1.008000e+01 1.038046e+00
1.010000e+01 1.039547e+00
1.012000e+01 1.037862e+00
1.014000e+01 1.040267e+00
1.016000e+01 1.037928e+00
1.018000e+01 1.043964e+00
1.020000e+01 1.047685e+00
1.022000e+01 1.047705e+00
1.024000e+01 1.045136e+00
1.026000e+01 1.045125e+00
1.028000e+01 1.046463e+00
1.030000e+01 1.043407e+00
1.032000e+01 1.042326e+00
1.034000e+01 1.037593e+00
1.036000e+01 1.039014e+00
1.038000e+01 1.037789e+00
1.040000e+01 1.031558e+00
1.042000e+01 1.039319e+00
1.044000e+01 1.043809e+00
1.046000e+01 1.037980e+00
1.048000e+01 1.031051e+00
1.050000e+01 1.031796e+00
1.052000e+01 1.031056e+00
1.054000e+01 1.033814e+00
1.056000e+01 1.026502e+00
1.058000e+01 1.029635e+00
1.060000e+01 1.030861e+00
1.062000e+01 1.031318e+00
1.064000e+01 1.028325e+00
1.066000e+01 1.031092e+00
1.068000e+01 1.033551e+00
1.070000e+01 1.029736e+00
1.072000e+01 1.033239e+00
1.074000e+01 1.028294e+00
1.076000e+01 1.025755e+00
1.078000e+01 1.024163e+00
1.080000e+01 1.025869e+00
1.082000e+01 1.022816e+00
1.084000e+01 1.015420e+00
1.086000e+01 1.016801e+00
1.088000e+01 1.013364e+00
1.090000e+01 1.013928e+00
1.092000e+01 1.014872e+00
1.094000e+01 1.015764e+00
1.096000e+01 1.021431e+00
1.098000e+01 1.014561e+00
1.100000e+01 1.014126e+00
1.102000e+01 1.017807e+00
1.104000e+01 1.018051e+00
1.106000e+01 1.021317e+00
1.108000e+01 1.021194e+00
1.110000e+01 1.024822e+00
1.112000e+01 1.022248e+00
1.114000e+01 1.022736e+00
1.116000e+01 1.016365e+00
1.118000e+01 1.016058e+00
1.120000e+01 1.018924e+00
1.122000e+01 1.020384e+00
1.124000e+01 1.018584e+00
1.126000e+01 1.018623e+00
1.128000e+01 1.015392e+00
1.130000e+01 1.018267e+00
1.132000e+01 1.018344e+00
1.134000e+01 1.019134e+00
1.136000e+01 1.012669e+00
1.138000e+01 1.008996e+00
1.140000e+01 1.007458e+00
1.142000e+01 1.007734e+00
1.144000e+01 1.011676e+00
1.146000e+01 1.008641e+00
1.148000e+01 1.008117e+00
1.150000e+01 1.008952e+00
1.152000e+01 1.007925e+00
1.154000e+01 9.986037e-01
1.156000e+01 9.995934e-01
1.158000e+01 9.972454e-01
1.160000e+01 1.001864e+00
1.162000e+01 1.000971e+00
1.164000e+01 1.001489e+00
1.166000e+01 9.962975e-01
1.168000e+01 9.957246e-01
1.170000e+01 9.978273e-01
1.172000e+01 9.926836e-01
1.174000e+01 9.928038e-01
1.176000e+01 9.966686e-01
1.178000e+01 9.941370e-01
1.180000e+01 9.908532e-01
1.182000e+01 9.896977e-01
1.184000e+01 9.898297e-01
1.186000e+01 9.908658e-01
1.188000e+01 9.886045e-01
1.190000e+01 9.873108e-01
1.192000e+01 9.854386e-01
1.194000e+01 9.862923e-01
1.196000e+01 9.834748e-01
1.198000e+01 9.866381e-01
1.200000e+01 9.889658e-01
1.202000e+01 9.922395e-01
1.204000e+01 9.933037e-01
1.206000e+01 9.911450e-01
1.208000e+01 9.886106e-01
1.210000e+01 9.885263e-01
1.212000e+01 9.873846e-01
1.214000e+01 9.819441e-01
1.216000e+01 9.838442e-01
1.218000e+01 9.854376e-01
1.220000e+01 9.837588e-01
1.222000e+01 9.820699e-01
1.224000e+01 9.780049e-01
1.226000e+01 9.814110e-01
1.228000e+01 9.805548e-01
1.230000e+01 9.785425e-01
1.232000e+01 9.803756e-01
1.234000e+01 9.797007e-01
1.236000e+01 9.825232e-01
1.238000e+01 9.800140e-01
1.240000e+01 9.809962e-01
1.242000e+01 9.825242e-01
1.244000e+01 9.750481e-01
1.246000e+01 9.769260e-01
1.248000e+01 9.773335e-01
1.250000e+01 9.735417e-01
1.252000e+01 9.721363e-01
1.254000e+01 9.726005e-01
1.256000e+01 9.695175e-01
1.258000e+01 9.737312e-01
1.260000e+01 9.716552e-01
1.262000e+01 9.726828e-01
1.264000e+01 9.730439e-01
1.266000e+01 9.741381e-01
1.268000e+01 9.765342e-01
1.270000e+01 9.800408e-01
1.272000e+01 9.811848e-01
1.274000e+01 9.804306e-01
1.276000e+01 9.799976e-01
1.278000e+01 9.796046e-01
1.280000e+01 9.825361e-01
1.282000e+01 9.841134e-01
1.284000e+01 9.847354e-01
1.286000e+01 9.851912e-01
1.288000e+01 9.835884e-01
1.290000e+01 9.826752e-01
1.292000e+01 9.828382e-01
1.294000e+01 9.853005e-01
1.296000e+01 9.847303e-01
1.298000e+01 9.822096e-01
1.300000e+01 9.803512e-01
1.302000e+01 9.793167e-01
1.304000e+01 9.741246e-01
1.306000e+01 9.774654e-01
1.308000e+01 9.786125e-01
1.310000e+01 9.749106e-01
1.312000e+01 9.743409e-01
1.314000e+01 9.729652e-01
1.316000e+01 9.746683e-01
1.318000e+01 9.759367e-01
1.320000e+01 9.748012e-01
1.322000e+01 9.753508e-01
1.324000e+01 9.774203e-01
1.326000e+01 9.787269e-01
1.328000e+01 9.819747e-01
1.330000e+01 9.774561e-01
1.332000e+01 9.769066e-01
1.334000e+01 9.789093e-01
1.336000e+01 9.795107e-01
1.338000e+01 9.776427e-01
1.340000e+01 9.811894e-01
1.342000e+01 9.828595e-01
1.344000e+01 9.853569e-01
1.346000e+01 9.787334e-01
1.348000e+01 9.821005e-01
1.350000e+01 9.759732e-01
1.352000e+01 9.780362e-01
1.354000e+01 9.776947e-01
1.356000e+01 9.777501e-01
1.358000e+01 9.777895e-01
1.360000e+01 9.741732e-01
1.362000e+01 9.722436e-01
1.364000e+01 9.713926e-01
1.366000e+01 9.697583e-01
1.368000e+01 9.728007e-01
1.370000e+01 9.723821e-01
1.372000e+01 9.718311e-01
1.374000e+01 9.781009e-01
1.376000e+01 9.825881e-01
1.378000e+01 9.935618e-01
1.380000e+01 9.977288e-01
1.382000e+01 1.001198e+00
1.384000e+01 1.006026e+00
1.386000e+01 1.001833e+00
1.388000e+01 9.970384e-01
1.390000e+01 9.999178e-01
1.392000e+01 9.992095e-01
1.394000e+01 9.977213e-01
1.396000e+01 1.001909e+00
1.398000e+01 1.001202e+00
1.400000e+01 9.974486e-01
1.402000e+01 9.981091e-01
1.404000e+01 9.961360e-01
1.406000e+01 9.957320e-01
1.408000e+01 9.972575e-01
1.410000e+01 1.000162e+00
1.412000e+01 1.000159e+00
1.414000e+01 9.991746e-01
1.416000e+01 9.994848e-01
1.418000e+01 9.959867e-01
1.420000e+01 9.954858e-01
1.422000e+01 9.909088e-01
1.424000e+01 9.908843e-01
1.426000e+01 9.902714e-01
1.428000e+01 9.935759e-01
1.430000e+01 9.957117e-01
1.432000e+01 9.971065e-01
1.434000e+01 9.941567e-01
1.436000e+01 9.920014e-01
1.438000e+01 9.900020e-01
1.440000e+01 9.924701e-01
1.442000e+01 9.954206e-01
1.444000e+01 9.971109e-01
1.446000e+01 9.952163e-01
1.448000e+01 9.921652e-01
1.450000e+01 9.913987e-01
1.452000e+01 9.897196e-01
1.454000e+01 9.928608e-01
1.456000e+01 9.936467e-01
1.458000e+01 9.906352e-01
1.460000e+01 9.895070e-01
1.462000e+01 9.863064e-01
1.464000e+01 9.853026e-01
1.466000e+01 9.877116e-01
1.468000e+01 9.856001e-01
1.470000e+01 9.852902e-01
1.472000e+01 9.846559e-01
1.474000e+01 9.838460e-01
1.476000e+01 9.874017e-01
1.478000e+01 9.861295e-01
1.480000e+01 9.833580e-01
1.482000e+01 9.842601e-01
1.484000e+01 9.824551e-01
1.486000e+01 9.766523e-01
1.488000e+01 9.798847e-01
1.490000e+01 9.798007e-01
1.492000e+01 9.811975e-01
1.494000e+01 9.782020e-01
1.496000e+01 9.761839e-01
1.498000e+01 9.797444e-01
1.500000e+01 9.818050e-01
1.502000e+01 9.834932e-01
1.504000e+01 9.828085e-01
1.506000e+01 9.830239e-01
1.508000e+01 9.823361e-01
1.510000e+01 9.853860e-01
1.512000e+01 9.839947e-01
1.514000e+01 9.791716e-01
1.516000e+01 9.810540e-01
1.518000e+01 9.837419e-01
1.520000e+01 9.823837e-01
1.522000e+01 9.816526e-01
1.524000e+01 9.771540e-01
1.526000e+01 9.808041e-01
1.528000e+01 9.818689e-01
