0.000000e+00 0.000000e+00
2.000000e-02 0.000000e+00
4.000000e-02 0.000000e+00
6.000000e-02 0.000000e+00
8.000000e-02 0.000000e+00
1.000000e-01 0.000000e+00
1.200000e-01 0.000000e+00
1.400000e-01 0.000000e+00
1.600000e-01 0.000000e+00
1.800000e-01 0.000000e+00
2.000000e-01 0.000000e+00
2.200000e-01 0.000000e+00
2.400000e-01 0.000000e+00
2.600000e-01 0.000000e+00
2.800000e-01 0.000000e+00
3.000000e-01 0.000000e+00
3.200000e-01 0.000000e+00
3.400000e-01 0.000000e+00
3.600000e-01 0.000000e+00
3.800000e-01 0.000000e+00
4.000000e-01 0.000000e+00
4.200000e-01 0.000000e+00
4.400000e-01 0.000000e+00
4.600000e-01 0.000000e+00
4.800000e-01 0.000000e+00
5.000000e-01 0.000000e+00
5.200000e-01 0.000000e+00
5.400000e-01 0.000000e+00
5.600000e-01 0.000000e+00
5.800000e-01 0.000000e+00
6.000000e-01 0.000000e+00
6.200000e-01 0.000000e+00
6.400000e-01 0.000000e+00
6.600000e-01 0.000000e+00
6.800000e-01 0.000000e+00
7.000000e-01 0.000000e+00
7.200000e-01 0.000000e+00
7.400000e-01 0.000000e+00
7.600000e-01 0.000000e+00
7.800000e-01 0.000000e+00
8.000000e-01 0.000000e+00
8.200000e-01 0.000000e+00
8.400000e-01 0.000000e+00
8.600000e-01 0.000000e+00
8.800000e-01 0.000000e+00
9.000000e-01 0.000000e+00
9.200000e-01 0.000000e+00
9.400000e-01 0.000000e+00
9.600000e-01 0.000000e+00
9.800000e-01 0.000000e+00
1.000000e+00 0.000000e+00
1.020000e+00 0.000000e+00
1.040000e+00 0.000000e+00
1.060000e+00 0.000000e+00
1.080000e+00 0.000000e+00
1.100000e+00 0.000000e+00
1.120000e+00 0.000000e+00
1.140000e+00 0.000000e+00
1.160000e+00 0.000000e+00
1.180000e+00 0.000000e+00
1.200000e+00 0.000000e+00
1.220000e+00 3.181406e-04
1.240000e+00 4.465431e-03
1.260000e+00 1.655353e-02
1.280000e+00 4.999941e-02
1.300000e+00 1.258051e-01
1.320000e+00 1.714827e-01
1.340000e+00 1.743133e-01
1.360000e+00 1.154616e-01
1.380000e+00 5.855601e-02
1.400000e+00 8.347006e-02
1.420000e+00 3.342870e-01
1.440000e+00 1.453376e+00
1.460000e+00 4.656233e+00
1.480000e+00 1.051175e+01
1.500000e+00 1.678251e+01
1.520000e+00 1.969361e+01
1.540000e+00 1.772707e+01
1.560000e+00 1.276760e+01
1.580000e+00 7.651839e+00
1.600000e+00 4.043791e+00
1.620000e+00 1.872142e+00
1.640000e+00 8.218298e-01
1.660000e+00 3.776169e-01
1.680000e+00 1.611453e-01
1.700000e+00 7.061845e-02
1.720000e+00 3.481297e-02
1.740000e+00 1.564013e-02
1.760000e+00 7.184743e-03
1.780000e+00 4.857156e-03
1.800000e+00 2.192224e-03
1.820000e+00 1.572493e-03
1.840000e+00 2.797262e-04
1.860000e+00 8.212287e-04
1.880000e+00 3.349369e-04
1.900000e+00 5.902609e-04
1.920000e+00 0.000000e+00
1.940000e+00 0.000000e+00
1.960000e+00 0.000000e+00
1.980000e+00 0.000000e+00
2.000000e+00 0.000000e+00
2.020000e+00 0.000000e+00
2.040000e+00 0.000000e+00
2.060000e+00 0.000000e+00
2.080000e+00 0.000000e+00
2.100000e+00 0.000000e+00
2.120000e+00 0.000000e+00
2.140000e+00 0.000000e+00
2.160000e+00 0.000000e+00
2.180000e+00 0.000000e+00
2.200000e+00 0.000000e+00
2.220000e+00 0.000000e+00
2.240000e+00 0.000000e+00
2.260000e+00 4.171905e-04
2.280000e+00 8.653517e-04
2.300000e+00 3.938544e-03
2.320000e+00 1.117291e-02
2.340000e+00 2.957557e-02
2.360000e+00 6.333897e-02
2.380000e+00 1.363867e-01
2.400000e+00 2.647111e-01
2.420000e+00 4.523040e-01
2.440000e+00 7.482667e-01
2.460000e+00 1.162479e+00
2.480000e+00 1.663873e+00
2.500000e+00 2.146260e+00
2.520000e+00 2.618776e+00
2.540000e+00 2.987430e+00
2.560000e+00 3.211306e+00
2.580000e+00 3.173876e+00
2.600000e+00 2.925845e+00
2.620000e+00 2.557475e+00
2.640000e+00 2.128756e+00
2.660000e+00 1.620206e+00
2.680000e+00 1.178263e+00
2.700000e+00 8.122597e-01
2.720000e+00 5.212091e-01
2.740000e+00 3.342824e-01
2.760000e+00 1.962124e-01
2.780000e+00 1.126759e-01
2.800000e+00 6.420309e-02
2.820000e+00 3.882291e-02
2.840000e+00 2.914884e-02
2.860000e+00 2.555862e-02
2.880000e+00 3.128487e-02
2.900000e+00 3.780844e-02
2.920000e+00 4.823284e-02
2.940000e+00 6.343846e-02
2.960000e+00 7.814903e-02
2.980000e+00 9.589957e-02
3.000000e+00 1.238782e-01
3.020000e+00 1.410115e-01
3.040000e+00 1.661646e-01
3.060000e+00 1.910042e-01
3.080000e+00 2.174329e-01
3.100000e+00 2.348632e-01
3.120000e+00 2.527544e-01
3.140000e+00 2.682031e-01
3.160000e+00 2.897856e-01
3.180000e+00 3.042970e-01
3.200000e+00 3.075340e-01
3.220000e+00 3.163075e-01
3.240000e+00 3.241876e-01
3.260000e+00 3.192641e-01
3.280000e+00 3.248455e-01
3.300000e+00 3.284423e-01
3.320000e+00 3.093752e-01
3.340000e+00 3.131519e-01
3.360000e+00 3.007528e-01
3.380000e+00 2.944478e-01
3.400000e+00 2.904409e-01
3.420000e+00 2.823172e-01
3.440000e+00 2.817250e-01
3.460000e+00 2.786554e-01
3.480000e+00 2.841224e-01
3.500000e+00 2.816770e-01
3.520000e+00 2.890904e-01
3.540000e+00 2.953740e-01
3.560000e+00 3.061503e-01
3.580000e+00 3.162801e-01
3.600000e+00 3.394477e-01
3.620000e+00 3.488421e-01
3.640000e+00 3.699110e-01
3.660000e+00 3.843492e-01
3.680000e+00 4.239774e-01
3.700000e+00 4.489451e-01
3.720000e+00 4.976132e-01
3.740000e+00 5.426954e-01
3.760000e+00 6.008099e-01
3.780000e+00 6.703600e-01
3.800000e+00 7.675688e-01
3.820000e+00 8.660202e-01
3.840000e+00 9.712153e-01
3.860000e+00 1.067309e+00
3.880000e+00 1.142156e+00
3.900000e+00 1.189934e+00
3.920000e+00 1.233121e+00
3.940000e+00 1.207380e+00
3.960000e+00 1.156670e+00
3.980000e+00 1.092029e+00
4.000000e+00 1.021961e+00
4.020000e+00 9.516617e-01
4.040000e+00 8.863422e-01
4.060000e+00 8.564740e-01
4.080000e+00 8.175897e-01
4.100000e+00 8.011538e-01
4.120000e+00 8.101322e-01
4.140000e+00 8.079459e-01
4.160000e+00 7.994297e-01
4.180000e+00 7.993591e-01
4.200000e+00 8.158564e-01
4.220000e+00 8.213832e-01
4.240000e+00 8.367523e-01
4.260000e+00 8.487835e-01
4.280000e+00 8.588219e-01
4.300000e+00 8.735799e-01
4.320000e+00 8.893098e-01
4.340000e+00 9.059200e-01
4.360000e+00 9.257756e-01
4.380000e+00 9.267074e-01
4.400000e+00 9.490098e-01
4.420000e+00 9.579285e-01
4.440000e+00 9.838347e-01
4.460000e+00 9.853146e-01
4.480000e+00 1.003162e+00
4.500000e+00 1.036905e+00
4.520000e+00 1.062202e+00
4.540000e+00 1.082764e+00
4.560000e+00 1.108106e+00
4.580000e+00 1.124748e+00
4.600000e+00 1.123414e+00
4.620000e+00 1.136514e+00
4.640000e+00 1.127640e+00
4.660000e+00 1.140157e+00
4.680000e+00 1.142551e+00
4.700000e+00 1.148217e+00
4.720000e+00 1.146159e+00
4.740000e+00 1.166024e+00
4.760000e+00 1.170938e+00
4.780000e+00 1.158082e+00
4.800000e+00 1.167565e+00
4.820000e+00 1.161340e+00
4.840000e+00 1.178525e+00
4.860000e+00 1.188462e+00
4.880000e+00 1.194190e+00
4.900000e+00 1.185399e+00
4.920000e+00 1.195069e+00
4.940000e+00 1.215604e+00
4.960000e+00 1.229196e+00
4.980000e+00 1.241911e+00
5.000000e+00 1.261657e+00
5.020000e+00 1.270875e+00
5.040000e+00 1.276048e+00
5.060000e+00 1.280942e+00
5.080000e+00 1.285665e+00
5.100000e+00 1.302673e+00
5.120000e+00 1.311220e+00
5.140000e+00 1.301771e+00
5.160000e+00 1.301792e+00
5.180000e+00 1.296559e+00
5.200000e+00 1.280852e+00
5.220000e+00 1.275982e+00
5.240000e+00 1.257508e+00
5.260000e+00 1.259037e+00
5.280000e+00 1.253508e+00
5.300000e+00 1.232670e+00
5.320000e+00 1.230681e+00
5.340000e+00 1.219977e+00
5.360000e+00 1.217812e+00
5.380000e+00 1.214533e+00
5.400000e+00 1.210782e+00
5.420000e+00 1.203644e+00
5.440000e+00 1.203746e+00
5.460000e+00 1.200130e+00
5.480000e+00 1.193656e+00
5.500000e+00 1.197310e+00
5.520000e+00 1.202745e+00
5.540000e+00 1.204992e+00
5.560000e+00 1.187891e+00
5.580000e+00 1.197633e+00
5.600000e+00 1.192461e+00
5.620000e+00 1.188104e+00
5.640000e+00 1.186518e+00
5.660000e+00 1.191059e+00
5.680000e+00 1.180345e+00
5.700000e+00 1.171930e+00
5.720000e+00 1.159075e+00
5.740000e+00 1.156768e+00
5.760000e+00 1.154864e+00
5.780000e+00 1.150812e+00
5.800000e+00 1.142094e+00
5.820000e+00 1.142485e+00
5.840000e+00 1.142948e+00
5.860000e+00 1.122011e+00
5.880000e+00 1.129498e+00
5.900000e+00 1.125533e+00
5.920000e+00 1.124439e+00
5.940000e+00 1.131220e+00
5.960000e+00 1.126447e+00
5.980000e+00 1.123493e+00
6.000000e+00 1.120672e+00
6.020000e+00 1.114597e+00
6.040000e+00 1.107597e+00
6.060000e+00 1.109563e+00
6.080000e+00 1.093648e+00
6.100000e+00 1.096255e+00
6.120000e+00 1.092844e+00
6.140000e+00 1.089014e+00
6.160000e+00 1.084768e+00
6.180000e+00 1.089146e+00
6.200000e+00 1.086923e+00
6.220000e+00 1.086039e+00
6.240000e+00 1.083874e+00
6.260000e+00 1.075654e+00
6.280000e+00 1.071618e+00
6.300000e+00 1.079147e+00
6.320000e+00 1.080312e+00
6.340000e+00 1.079580e+00
6.360000e+00 1.059736e+00
6.380000e+00 1.056441e+00
6.400000e+00 1.052167e+00
6.420000e+00 1.046271e+00
6.440000e+00 1.041146e+00
6.460000e+00 1.034188e+00
6.480000e+00 1.033097e+00
6.500000e+00 1.019431e+00
6.520000e+00 1.015007e+00
6.540000e+00 1.005349e+00
6.560000e+00 9.982820e-01
6.580000e+00 9.983964e-01
6.600000e+00 9.951213e-01
6.620000e+00 9.880532e-01
6.640000e+00 9.870773e-01
6.660000e+00 9.844993e-01
6.680000e+00 9.849905e-01
6.700000e+00 9.829953e-01
6.720000e+00 9.847918e-01
6.740000e+00 9.716646e-01
6.760000e+00 9.636647e-01
6.780000e+00 9.652397e-01
6.800000e+00 9.707323e-01
6.820000e+00 9.652712e-01
6.840000e+00 9.660614e-01
6.860000e+00 9.682147e-01
6.880000e+00 9.683708e-01
6.900000e+00 9.641626e-01
6.920000e+00 9.694846e-01
6.940000e+00 9.675229e-01
6.960000e+00 9.656605e-01
6.980000e+00 9.621367e-01
7.000000e+00 9.536364e-01
7.020000e+00 9.570503e-01
7.040000e+00 9.562301e-01
7.060000e+00 9.480508e-01
7.080000e+00 9.500893e-01
7.100000e+00 9.501031e-01
7.120000e+00 9.467065e-01
7.140000e+00 9.489014e-01
7.160000e+00 9.398853e-01
7.180000e+00 9.392491e-01
7.200000e+00 9.232918e-01
7.220000e+00 9.204183e-01
7.240000e+00 9.207784e-01
7.260000e+00 9.205321e-01
7.280000e+00 9.231917e-01
7.300000e+00 9.242001e-01
7.320000e+00 9.237919e-01
7.340000e+00 9.219461e-01
7.360000e+00 9.162868e-01
7.380000e+00 9.121009e-01
7.400000e+00 9.194434e-01
7.420000e+00 9.222556e-01
7.440000e+00 9.289037e-01
7.460000e+00 9.225555e-01
7.480000e+00 9.219491e-01
7.500000e+00 9.156076e-01
7.520000e+00 9.176770e-01
7.540000e+00 9.215523e-01
7.560000e+00 9.225279e-01
7.580000e+00 9.206907e-01
7.600000e+00 9.241929e-01
7.620000e+00 9.261206e-01
