0.000000e+00 0.000000e+00
2.000000e-02 0.000000e+00
4.000000e-02 0.000000e+00
6.000000e-02 0.000000e+00
8.000000e-02 0.000000e+00
1.000000e-01 0.000000e+00
1.200000e-01 0.000000e+00
1.400000e-01 0.000000e+00
1.600000e-01 0.000000e+00
1.800000e-01 0.000000e+00
2.000000e-01 0.000000e+00
2.200000e-01 0.000000e+00
2.400000e-01 0.000000e+00
2.600000e-01 0.000000e+00
2.800000e-01 0.000000e+00
3.000000e-01 0.000000e+00
3.200000e-01 0.000000e+00
3.400000e-01 0.000000e+00
3.600000e-01 0.000000e+00
3.800000e-01 0.000000e+00
4.000000e-01 0.000000e+00
4.200000e-01 0.000000e+00
4.400000e-01 0.000000e+00
4.600000e-01 0.000000e+00
4.800000e-01 0.000000e+00
5.000000e-01 0.000000e+00
5.200000e-01 0.000000e+00
5.400000e-01 0.000000e+00
5.600000e-01 0.000000e+00
5.800000e-01 0.000000e+00
6.000000e-01 0.000000e+00
6.200000e-01 0.000000e+00
6.400000e-01 0.000000e+00
6.600000e-01 0.000000e+00
6.800000e-01 0.000000e+00
7.000000e-01 0.000000e+00
7.200000e-01 0.000000e+00
7.400000e-01 0.000000e+00
7.600000e-01 0.000000e+00
7.800000e-01 0.000000e+00
8.000000e-01 0.000000e+00
8.200000e-01 0.000000e+00
8.400000e-01 0.000000e+00
8.600000e-01 0.000000e+00
8.800000e-01 0.000000e+00
9.000000e-01 0.000000e+00
9.200000e-01 0.000000e+00
9.400000e-01 0.000000e+00
9.600000e-01 0.000000e+00
9.800000e-01 0.000000e+00
1.000000e+00 0.000000e+00
1.020000e+00 0.000000e+00
1.040000e+00 0.000000e+00
1.060000e+00 0.000000e+00
1.080000e+00 8.119349e-04
1.100000e+00 3.326383e-03
1.120000e+00 5.662314e-03
1.140000e+00 1.093076e-02
1.160000e+00 2.463320e-02
1.180000e+00 4.420975e-02
1.200000e+00 5.787472e-02
1.220000e+00 5.392483e-02
1.240000e+00 4.465431e-02
1.260000e+00 7.948677e-02
1.280000e+00 1.904602e-01
1.300000e+00 3.302035e-01
1.320000e+00 4.671612e-01
1.340000e+00 4.579351e-01
1.360000e+00 3.499689e-01
1.380000e+00 2.590886e-01
1.400000e+00 3.887216e-01
1.420000e+00 1.057695e+00
1.440000e+00 2.857656e+00
1.460000e+00 6.096831e+00
1.480000e+00 1.006112e+01
1.500000e+00 1.343104e+01
1.520000e+00 1.483748e+01
1.540000e+00 1.398079e+01
1.560000e+00 1.149118e+01
1.580000e+00 8.447742e+00
1.600000e+00 5.686500e+00
1.620000e+00 3.570439e+00
1.640000e+00 2.069451e+00
1.660000e+00 1.219458e+00
1.680000e+00 6.655526e-01
1.700000e+00 3.616943e-01
1.720000e+00 1.890304e-01
1.740000e+00 1.071349e-01
1.760000e+00 5.801298e-02
1.780000e+00 3.130998e-02
1.800000e+00 1.498020e-02
1.820000e+00 8.934618e-03
1.840000e+00 4.125961e-03
1.860000e+00 2.395250e-03
1.880000e+00 1.540710e-03
1.900000e+00 3.935073e-04
1.920000e+00 2.569013e-04
1.940000e+00 1.887237e-04
1.960000e+00 0.000000e+00
1.980000e+00 0.000000e+00
2.000000e+00 0.000000e+00
2.020000e+00 1.740713e-04
2.040000e+00 3.982414e-04
2.060000e+00 7.810923e-04
2.080000e+00 8.208680e-04
2.100000e+00 7.516198e-04
2.120000e+00 1.000900e-03
2.140000e+00 1.912859e-03
2.160000e+00 2.385059e-03
2.180000e+00 1.893125e-03
2.200000e+00 2.592622e-03
2.220000e+00 3.506918e-03
2.240000e+00 4.341107e-03
2.260000e+00 6.628693e-03
2.280000e+00 1.156839e-02
2.300000e+00 2.322846e-02
2.320000e+00 5.159775e-02
2.340000e+00 9.620708e-02
2.360000e+00 1.682096e-01
2.380000e+00 2.799626e-01
2.400000e+00 4.235377e-01
2.420000e+00 6.247682e-01
2.440000e+00 8.805734e-01
2.460000e+00 1.215413e+00
2.480000e+00 1.524483e+00
2.500000e+00 1.860897e+00
2.520000e+00 2.123326e+00
2.540000e+00 2.347418e+00
2.560000e+00 2.463952e+00
2.580000e+00 2.504258e+00
2.600000e+00 2.414534e+00
2.620000e+00 2.239468e+00
2.640000e+00 1.998683e+00
2.660000e+00 1.723702e+00
2.680000e+00 1.437821e+00
2.700000e+00 1.172044e+00
2.720000e+00 9.078518e-01
2.740000e+00 6.725698e-01
2.760000e+00 4.886505e-01
2.780000e+00 3.465748e-01
2.800000e+00 2.566614e-01
2.820000e+00 1.751795e-01
2.840000e+00 1.287774e-01
2.860000e+00 1.007293e-01
2.880000e+00 8.600484e-02
2.900000e+00 8.310537e-02
2.920000e+00 8.788540e-02
2.940000e+00 9.491117e-02
2.960000e+00 1.097383e-01
2.980000e+00 1.205876e-01
3.000000e+00 1.370579e-01
3.020000e+00 1.564314e-01
3.040000e+00 1.836624e-01
3.060000e+00 2.022055e-01
3.080000e+00 2.178571e-01
3.100000e+00 2.370066e-01
3.120000e+00 2.508573e-01
3.140000e+00 2.679149e-01
3.160000e+00 2.837870e-01
3.180000e+00 2.992866e-01
3.200000e+00 3.075571e-01
3.220000e+00 3.125854e-01
3.240000e+00 3.217518e-01
3.260000e+00 3.384453e-01
3.280000e+00 3.412407e-01
3.300000e+00 3.569014e-01
3.320000e+00 3.498863e-01
3.340000e+00 3.602255e-01
3.360000e+00 3.700008e-01
3.380000e+00 3.766188e-01
3.400000e+00 3.875413e-01
3.420000e+00 4.021709e-01
3.440000e+00 4.007493e-01
3.460000e+00 4.069279e-01
3.480000e+00 4.138377e-01
3.500000e+00 4.199063e-01
3.520000e+00 4.259062e-01
3.540000e+00 4.343514e-01
3.560000e+00 4.493057e-01
3.580000e+00 4.693677e-01
3.600000e+00 4.870757e-01
3.620000e+00 4.959636e-01
3.640000e+00 5.115247e-01
3.660000e+00 5.395841e-01
3.680000e+00 5.632461e-01
3.700000e+00 5.861069e-01
3.720000e+00 6.199421e-01
3.740000e+00 6.590477e-01
3.760000e+00 7.090950e-01
3.780000e+00 7.591426e-01
3.800000e+00 8.137403e-01
3.820000e+00 8.659553e-01
3.840000e+00 9.081300e-01
3.860000e+00 9.610657e-01
3.880000e+00 1.003413e+00
3.900000e+00 1.023144e+00
3.920000e+00 1.049970e+00
3.940000e+00 1.055138e+00
3.960000e+00 1.044085e+00
3.980000e+00 1.001183e+00
4.000000e+00 9.815191e-01
4.020000e+00 9.580640e-01
4.040000e+00 9.172834e-01
4.060000e+00 8.946806e-01
4.080000e+00 8.543417e-01
4.100000e+00 8.439425e-01
4.120000e+00 8.390326e-01
4.140000e+00 8.238039e-01
4.160000e+00 8.115922e-01
4.180000e+00 8.170290e-01
4.200000e+00 8.151316e-01
4.220000e+00 8.293468e-01
4.240000e+00 8.310498e-01
4.260000e+00 8.402120e-01
4.280000e+00 8.558492e-01
4.300000e+00 8.670751e-01
4.320000e+00 8.823830e-01
4.340000e+00 8.969325e-01
4.360000e+00 9.129721e-01
4.380000e+00 9.349884e-01
4.400000e+00 9.513212e-01
4.420000e+00 9.627276e-01
4.440000e+00 9.736502e-01
4.460000e+00 9.949200e-01
4.480000e+00 1.012103e+00
4.500000e+00 1.030065e+00
4.520000e+00 1.044993e+00
4.540000e+00 1.059629e+00
4.560000e+00 1.068755e+00
4.580000e+00 1.085300e+00
4.600000e+00 1.110625e+00
4.620000e+00 1.107064e+00
4.640000e+00 1.113651e+00
4.660000e+00 1.107176e+00
4.680000e+00 1.125396e+00
4.700000e+00 1.136996e+00
4.720000e+00 1.137987e+00
4.740000e+00 1.137656e+00
4.760000e+00 1.140248e+00
4.780000e+00 1.154580e+00
4.800000e+00 1.153733e+00
4.820000e+00 1.169880e+00
4.840000e+00 1.171046e+00
4.860000e+00 1.178458e+00
4.880000e+00 1.186893e+00
4.900000e+00 1.193455e+00
4.920000e+00 1.196311e+00
4.940000e+00 1.205795e+00
4.960000e+00 1.217686e+00
4.980000e+00 1.219334e+00
5.000000e+00 1.221332e+00
5.020000e+00 1.219305e+00
5.040000e+00 1.228009e+00
5.060000e+00 1.240486e+00
5.080000e+00 1.238362e+00
5.100000e+00 1.241740e+00
5.120000e+00 1.237494e+00
5.140000e+00 1.227354e+00
5.160000e+00 1.204716e+00
5.180000e+00 1.202313e+00
5.200000e+00 1.191104e+00
5.220000e+00 1.200710e+00
5.240000e+00 1.203720e+00
5.260000e+00 1.197518e+00
5.280000e+00 1.176710e+00
5.300000e+00 1.177143e+00
5.320000e+00 1.172182e+00
5.340000e+00 1.174817e+00
5.360000e+00 1.164410e+00
5.380000e+00 1.169838e+00
5.400000e+00 1.163641e+00
5.420000e+00 1.169769e+00
5.440000e+00 1.171393e+00
5.460000e+00 1.166694e+00
5.480000e+00 1.169129e+00
5.500000e+00 1.169689e+00
5.520000e+00 1.158160e+00
5.540000e+00 1.161253e+00
5.560000e+00 1.150585e+00
5.580000e+00 1.153705e+00
5.600000e+00 1.153142e+00
5.620000e+00 1.152370e+00
5.640000e+00 1.158115e+00
5.660000e+00 1.158274e+00
5.680000e+00 1.155768e+00
5.700000e+00 1.157611e+00
5.720000e+00 1.156187e+00
5.740000e+00 1.150968e+00
5.760000e+00 1.144973e+00
5.780000e+00 1.141096e+00
5.800000e+00 1.142734e+00
5.820000e+00 1.143973e+00
5.840000e+00 1.136894e+00
5.860000e+00 1.131395e+00
5.880000e+00 1.130600e+00
5.900000e+00 1.130899e+00
5.920000e+00 1.128364e+00
5.940000e+00 1.119464e+00
5.960000e+00 1.118322e+00
5.980000e+00 1.116991e+00
6.000000e+00 1.099929e+00
6.020000e+00 1.096591e+00
6.040000e+00 1.098330e+00
6.060000e+00 1.099615e+00
6.080000e+00 1.101961e+00
6.100000e+00 1.101345e+00
6.120000e+00 1.107781e+00
6.140000e+00 1.105619e+00
6.160000e+00 1.084531e+00
6.180000e+00 1.080387e+00
6.200000e+00 1.084632e+00
6.220000e+00 1.072650e+00
6.240000e+00 1.071932e+00
6.260000e+00 1.068078e+00
6.280000e+00 1.074349e+00
6.300000e+00 1.075633e+00
6.320000e+00 1.067900e+00
6.340000e+00 1.065691e+00
6.360000e+00 1.057811e+00
6.380000e+00 1.052381e+00
6.400000e+00 1.047022e+00
6.420000e+00 1.032622e+00
6.440000e+00 1.039360e+00
6.460000e+00 1.034630e+00
6.480000e+00 1.032155e+00
6.500000e+00 1.022255e+00
6.520000e+00 1.033158e+00
6.540000e+00 1.017964e+00
6.560000e+00 1.013302e+00
6.580000e+00 1.008447e+00
6.600000e+00 1.003296e+00
6.620000e+00 1.007848e+00
6.640000e+00 1.002731e+00
6.660000e+00 9.969470e-01
6.680000e+00 9.960267e-01
6.700000e+00 9.966345e-01
6.720000e+00 9.839214e-01
6.740000e+00 9.823176e-01
6.760000e+00 9.761458e-01
6.780000e+00 9.830192e-01
6.800000e+00 9.827239e-01
6.820000e+00 9.751463e-01
6.840000e+00 9.769011e-01
6.860000e+00 9.751928e-01
6.880000e+00 9.779944e-01
6.900000e+00 9.750881e-01
6.920000e+00 9.728714e-01
6.940000e+00 9.647061e-01
6.960000e+00 9.678941e-01
6.980000e+00 9.645616e-01
7.000000e+00 9.607923e-01
7.020000e+00 9.619555e-01
7.040000e+00 9.621346e-01
7.060000e+00 9.620207e-01
7.080000e+00 9.609008e-01
7.100000e+00 9.637799e-01
7.120000e+00 9.629173e-01
7.140000e+00 9.571959e-01
7.160000e+00 9.584924e-01
7.180000e+00 9.535688e-01
7.200000e+00 9.520465e-01
7.220000e+00 9.457801e-01
7.240000e+00 9.469939e-01
7.260000e+00 9.452917e-01
7.280000e+00 9.445678e-01
7.300000e+00 9.453659e-01
7.320000e+00 9.394471e-01
7.340000e+00 9.374502e-01
7.360000e+00 9.330135e-01
7.380000e+00 9.432433e-01
7.400000e+00 9.392065e-01
7.420000e+00 9.407727e-01
7.440000e+00 9.355848e-01
7.460000e+00 9.340252e-01
7.480000e+00 9.302389e-01
7.500000e+00 9.291650e-01
7.520000e+00 9.306432e-01
7.540000e+00 9.342583e-01
7.560000e+00 9.294749e-01
7.580000e+00 9.340088e-01
7.600000e+00 9.331985e-01
7.620000e+00 9.368160e-01
7.640000e+00 9.271759e-01
7.660000e+00 9.270939e-01
7.680000e+00 9.301432e-01
7.700000e+00 9.271345e-01
7.720000e+00 9.254554e-01
7.740000e+00 9.324205e-01
7.760000e+00 9.291774e-01
7.780000e+00 9.289789e-01
7.800000e+00 9.309689e-01
7.820000e+00 9.328451e-01
7.840000e+00 9.358495e-01
7.860000e+00 9.341129e-01
7.880000e+00 9.291027e-01
7.900000e+00 9.265932e-01
7.920000e+00 9.208248e-01
7.940000e+00 9.243937e-01
7.960000e+00 9.268615e-01
7.980000e+00 9.341709e-01
8.000000e+00 9.338267e-01
8.020000e+00 9.338756e-01
8.040000e+00 9.321800e-01
8.060000e+00 9.350162e-01
8.080000e+00 9.353360e-01
8.100000e+00 9.417651e-01
8.120000e+00 9.432001e-01
8.140000e+00 9.448562e-01
8.160000e+00 9.447709e-01
8.180000e+00 9.513308e-01
8.200000e+00 9.521289e-01
8.220000e+00 9.575929e-01
8.240000e+00 9.567160e-01
8.260000e+00 9.565165e-01
8.280000e+00 9.575683e-01
8.300000e+00 9.565299e-01
8.320000e+00 9.602548e-01
8.340000e+00 9.553553e-01
8.360000e+00 9.558609e-01
8.380000e+00 9.564858e-01
8.400000e+00 9.561107e-01
8.420000e+00 9.625844e-01
8.440000e+00 9.591080e-01
8.460000e+00 9.621804e-01
8.480000e+00 9.658519e-01
8.500000e+00 9.680888e-01
8.520000e+00 9.771141e-01
8.540000e+00 9.762014e-01
8.560000e+00 9.733414e-01
8.580000e+00 9.709027e-01
8.600000e+00 9.760821e-01
8.620000e+00 9.727306e-01
8.640000e+00 9.765103e-01
8.660000e+00 9.752221e-01
8.680000e+00 9.723295e-01
8.700000e+00 9.781491e-01
8.720000e+00 9.757878e-01
8.740000e+00 9.788401e-01
8.760000e+00 9.810924e-01
8.780000e+00 9.812931e-01
8.800000e+00 9.799990e-01
8.820000e+00 9.835366e-01
8.840000e+00 9.878078e-01
8.860000e+00 9.827017e-01
8.880000e+00 9.853720e-01
8.900000e+00 9.880831e-01
8.920000e+00 9.833716e-01
8.940000e+00 9.837519e-01
8.960000e+00 9.933498e-01
8.980000e+00 9.868337e-01
9.000000e+00 9.898945e-01
9.020000e+00 9.897611e-01
9.040000e+00 9.940287e-01
9.060000e+00 9.966049e-01
9.080000e+00 9.979685e-01
9.100000e+00 1.001738e+00
9.120000e+00 1.000537e+00
9.140000e+00 9.993120e-01
9.160000e+00 9.992816e-01
9.180000e+00 9.979888e-01
9.200000e+00 9.973860e-01
9.220000e+00 1.002121e+00
9.240000e+00 1.000372e+00
9.260000e+00 9.940922e-01
9.280000e+00 9.992446e-01
9.300000e+00 9.991725e-01
9.320000e+00 1.002954e+00
9.340000e+00 1.014076e+00
9.360000e+00 1.011299e+00
9.380000e+00 1.011576e+00
9.400000e+00 1.017072e+00
9.420000e+00 1.021163e+00
9.440000e+00 1.012704e+00
9.460000e+00 1.015879e+00
9.480000e+00 1.014524e+00
9.500000e+00 1.015548e+00
9.520000e+00 1.016113e+00
9.540000e+00 1.017481e+00
9.560000e+00 1.024749e+00
9.580000e+00 1.027579e+00
9.600000e+00 1.028214e+00
9.620000e+00 1.030255e+00
9.640000e+00 1.027722e+00
9.660000e+00 1.024851e+00
9.680000e+00 1.024764e+00
9.700000e+00 1.031413e+00
9.720000e+00 1.032273e+00
9.740000e+00 1.032580e+00
9.760000e+00 1.028514e+00
9.780000e+00 1.028680e+00
9.800000e+00 1.028162e+00
9.820000e+00 1.032841e+00
9.840000e+00 1.031789e+00
9.860000e+00 1.035751e+00
9.880000e+00 1.038436e+00
9.900000e+00 1.040474e+00
9.920000e+00 1.035378e+00
9.940000e+00 1.036608e+00
9.960000e+00 1.034735e+00
9.980000e+00 1.036345e+00
1.000000e+01 1.040433e+00
1.002000e+01 1.033237e+00
1.004000e+01 1.036009e+00
1.006000e+01 1.038115e+00
1.008000e+01 1.040120e+00
1.010000e+01 1.039858e+00
1.012000e+01 1.033704e+00
1.014000e+01 1.031877e+00
1.016000e+01 1.032874e+00
1.018000e+01 1.032377e+00
1.020000e+01 1.031231e+00
1.022000e+01 1.034387e+00
1.024000e+01 1.032015e+00
1.026000e+01 1.034772e+00
1.028000e+01 1.031128e+00
1.030000e+01 1.035380e+00
1.032000e+01 1.037327e+00
1.034000e+01 1.034352e+00
1.036000e+01 1.032810e+00
1.038000e+01 1.027817e+00
1.040000e+01 1.028826e+00
1.042000e+01 1.031169e+00
1.044000e+01 1.028597e+00
1.046000e+01 1.026688e+00
1.048000e+01 1.026319e+00
1.050000e+01 1.030539e+00
1.052000e+01 1.034887e+00
1.054000e+01 1.026025e+00
1.056000e+01 1.028871e+00
1.058000e+01 1.026129e+00
1.060000e+01 1.031325e+00
1.062000e+01 1.031525e+00
1.064000e+01 1.031980e+00
1.066000e+01 1.028674e+00
1.068000e+01 1.027015e+00
1.070000e+01 1.029110e+00
1.072000e+01 1.029612e+00
1.074000e+01 1.021107e+00
1.076000e+01 1.022485e+00
1.078000e+01 1.026457e+00
1.080000e+01 1.020034e+00
1.082000e+01 1.021575e+00
1.084000e+01 1.023513e+00
1.086000e+01 1.017229e+00
1.088000e+01 1.022299e+00
1.090000e+01 1.023061e+00
1.092000e+01 1.021944e+00
1.094000e+01 1.019755e+00
1.096000e+01 1.022372e+00
1.098000e+01 1.019584e+00
1.100000e+01 1.024246e+00
1.102000e+01 1.023369e+00
1.104000e+01 1.020245e+00
1.106000e+01 1.020787e+00
1.108000e+01 1.019736e+00
1.110000e+01 1.016889e+00
1.112000e+01 1.015404e+00
1.114000e+01 1.018410e+00
1.116000e+01 1.012556e+00
1.118000e+01 1.013751e+00
1.120000e+01 1.012933e+00
1.122000e+01 1.006662e+00
1.124000e+01 1.008750e+00
1.126000e+01 1.011194e+00
1.128000e+01 1.012673e+00
1.130000e+01 1.008759e+00
1.132000e+01 1.010488e+00
1.134000e+01 1.007595e+00
1.136000e+01 1.008211e+00
1.138000e+01 1.004575e+00
1.140000e+01 1.005027e+00
1.142000e+01 1.004574e+00
1.144000e+01 1.008826e+00
1.146000e+01 1.003683e+00
1.148000e+01 1.002291e+00
1.150000e+01 1.007818e+00
1.152000e+01 1.007733e+00
1.154000e+01 1.005370e+00
1.156000e+01 1.004288e+00
1.158000e+01 1.006567e+00
1.160000e+01 1.009041e+00
1.162000e+01 1.006714e+00
1.164000e+01 1.008590e+00
1.166000e+01 1.008259e+00
1.168000e+01 1.002279e+00
1.170000e+01 1.002366e+00
1.172000e+01 1.003233e+00
1.174000e+01 1.003520e+00
1.176000e+01 1.001178e+00
1.178000e+01 9.971325e-01
1.180000e+01 9.951190e-01
1.182000e+01 9.952520e-01
1.184000e+01 9.899722e-01
1.186000e+01 9.934515e-01
1.188000e+01 9.951537e-01
1.190000e+01 9.902165e-01
1.192000e+01 9.931334e-01
1.194000e+01 9.961481e-01
1.196000e+01 9.938687e-01
1.198000e+01 9.963896e-01
1.200000e+01 9.930809e-01
1.202000e+01 9.905638e-01
1.204000e+01 9.936633e-01
1.206000e+01 9.889069e-01
1.208000e+01 9.879779e-01
1.210000e+01 9.850073e-01
1.212000e+01 9.831968e-01
1.214000e+01 9.836564e-01
1.216000e+01 9.839412e-01
1.218000e+01 9.852497e-01
1.220000e+01 9.848646e-01
1.222000e+01 9.850032e-01
1.224000e+01 9.812653e-01
1.226000e+01 9.841277e-01
1.228000e+01 9.863083e-01
1.230000e+01 9.873648e-01
1.232000e+01 9.840805e-01
1.234000e+01 9.800707e-01
1.236000e+01 9.769558e-01
1.238000e+01 9.758594e-01
1.240000e+01 9.749914e-01
1.242000e+01 9.721363e-01
1.244000e+01 9.718923e-01
1.246000e+01 9.722045e-01
1.248000e+01 9.706673e-01
1.250000e+01 9.663257e-01
1.252000e+01 9.707552e-01
1.254000e+01 9.722849e-01
1.256000e+01 9.747275e-01
1.258000e+01 9.746467e-01
1.260000e+01 9.725453e-01
1.262000e+01 9.738922e-01
1.264000e+01 9.745945e-01
1.266000e+01 9.770306e-01
1.268000e+01 9.752173e-01
1.270000e+01 9.736806e-01
1.272000e+01 9.735712e-01
1.274000e+01 9.796017e-01
1.276000e+01 9.823978e-01
1.278000e+01 9.814042e-01
1.280000e+01 9.812948e-01
1.282000e+01 9.828035e-01
1.284000e+01 9.840179e-01
1.286000e+01 9.837541e-01
1.288000e+01 9.824111e-01
1.290000e+01 9.813933e-01
1.292000e+01 9.822421e-01
1.294000e+01 9.824857e-01
1.296000e+01 9.844922e-01
1.298000e+01 9.843710e-01
1.300000e+01 9.849407e-01
1.302000e+01 9.885596e-01
1.304000e+01 9.873772e-01
1.306000e+01 9.844637e-01
1.308000e+01 9.822040e-01
1.310000e+01 9.810518e-01
1.312000e+01 9.804508e-01
1.314000e+01 9.822212e-01
1.316000e+01 9.804534e-01
1.318000e+01 9.839200e-01
1.320000e+01 9.849818e-01
1.322000e+01 9.841401e-01
1.324000e+01 9.796564e-01
1.326000e+01 9.749099e-01
1.328000e+01 9.735597e-01
1.330000e+01 9.738851e-01
1.332000e+01 9.749433e-01
1.334000e+01 9.756809e-01
1.336000e+01 9.746269e-01
1.338000e+01 9.697898e-01
1.340000e+01 9.711613e-01
1.342000e+01 9.731605e-01
1.344000e+01 9.696464e-01
1.346000e+01 9.703019e-01
1.348000e+01 9.698822e-01
1.350000e+01 9.716821e-01
1.352000e+01 9.679326e-01
1.354000e+01 9.675909e-01
1.356000e+01 9.694682e-01
1.358000e+01 9.691131e-01
1.360000e+01 9.677638e-01
1.362000e+01 9.747742e-01
1.364000e+01 9.731712e-01
1.366000e+01 9.757999e-01
1.368000e+01 9.696607e-01
1.370000e+01 9.685926e-01
1.372000e+01 9.713302e-01
1.374000e+01 9.770638e-01
1.376000e+01 9.827500e-01
1.378000e+01 9.855450e-01
1.380000e+01 9.908957e-01
1.382000e+01 9.989101e-01
1.384000e+01 1.002584e+00
1.386000e+01 1.003963e+00
1.388000e+01 1.001354e+00
1.390000e+01 1.000248e+00
1.392000e+01 1.003002e+00
1.394000e+01 1.007161e+00
1.396000e+01 1.008069e+00
1.398000e+01 1.002079e+00
1.400000e+01 1.000620e+00
1.402000e+01 1.001572e+00
1.404000e+01 1.001247e+00
1.406000e+01 1.003014e+00
1.408000e+01 1.003191e+00
1.410000e+01 1.006388e+00
1.412000e+01 1.003597e+00
1.414000e+01 1.000123e+00
1.416000e+01 9.964351e-01
1.418000e+01 1.000244e+00
1.420000e+01 9.992341e-01
1.422000e+01 9.993349e-01
1.424000e+01 9.994172e-01
1.426000e+01 9.954106e-01
1.428000e+01 9.958648e-01
1.430000e+01 9.969355e-01
1.432000e+01 9.961028e-01
1.434000e+01 9.965500e-01
1.436000e+01 9.938564e-01
1.438000e+01 9.939676e-01
1.440000e+01 9.924382e-01
1.442000e+01 9.897532e-01
1.444000e+01 9.902813e-01
1.446000e+01 9.866764e-01
1.448000e+01 9.873290e-01
1.450000e+01 9.891578e-01
1.452000e+01 9.883932e-01
1.454000e+01 9.890356e-01
1.456000e+01 9.905208e-01
1.458000e+01 9.906898e-01
1.460000e+01 9.900545e-01
1.462000e+01 9.861978e-01
1.464000e+01 9.877149e-01
1.466000e+01 9.886616e-01
1.468000e+01 9.865200e-01
1.470000e+01 9.838505e-01
1.472000e+01 9.877885e-01
1.474000e+01 9.823745e-01
1.476000e+01 9.872323e-01
1.478000e+01 9.830385e-01
1.480000e+01 9.843146e-01
1.482000e+01 9.872943e-01
1.484000e+01 9.850521e-01
1.486000e+01 9.832258e-01
1.488000e+01 9.848210e-01
1.490000e+01 9.870228e-01
1.492000e+01 9.875723e-01
1.494000e+01 9.832487e-01
1.496000e+01 9.835667e-01
1.498000e+01 9.860887e-01
1.500000e+01 9.826559e-01
1.502000e+01 9.814470e-01
1.504000e+01 9.839327e-01
1.506000e+01 9.878236e-01
1.508000e+01 9.885544e-01
1.510000e+01 9.853144e-01
1.512000e+01 9.851525e-01
1.514000e+01 9.839325e-01
1.516000e+01 9.869855e-01
1.518000e+01 9.866643e-01
1.520000e+01 9.844302e-01
1.522000e+01 9.868559e-01
1.524000e+01 9.866406e-01
1.526000e+01 9.849884e-01
1.528000e+01 9.845715e-01
