2.000000e-02 0.000000e+00
4.000000e-02 0.000000e+00
6.000000e-02 0.000000e+00
8.000000e-02 0.000000e+00
1.000000e-01 0.000000e+00
1.200000e-01 0.000000e+00
1.400000e-01 0.000000e+00
1.600000e-01 0.000000e+00
1.800000e-01 0.000000e+00
2.000000e-01 0.000000e+00
2.200000e-01 0.000000e+00
2.400000e-01 0.000000e+00
2.600000e-01 0.000000e+00
2.800000e-01 0.000000e+00
3.000000e-01 0.000000e+00
3.200000e-01 0.000000e+00
3.400000e-01 0.000000e+00
3.600000e-01 0.000000e+00
3.800000e-01 0.000000e+00
4.000000e-01 0.000000e+00
4.200000e-01 0.000000e+00
4.400000e-01 0.000000e+00
4.600000e-01 0.000000e+00
4.800000e-01 0.000000e+00
5.000000e-01 0.000000e+00
5.200000e-01 0.000000e+00
5.400000e-01 0.000000e+00
5.600000e-01 0.000000e+00
5.800000e-01 0.000000e+00
6.000000e-01 0.000000e+00
6.200000e-01 0.000000e+00
6.400000e-01 0.000000e+00
6.600000e-01 0.000000e+00
6.800000e-01 0.000000e+00
7.000000e-01 0.000000e+00
7.200000e-01 0.000000e+00
7.400000e-01 0.000000e+00
7.600000e-01 0.000000e+00
7.800000e-01 0.000000e+00
8.000000e-01 0.000000e+00
8.200000e-01 0.000000e+00
8.400000e-01 0.000000e+00
8.600000e-01 0.000000e+00
8.800000e-01 0.000000e+00
9.000000e-01 0.000000e+00
9.200000e-01 0.000000e+00
9.400000e-01 0.000000e+00
9.600000e-01 0.000000e+00
9.800000e-01 0.000000e+00
1.000000e+00 0.000000e+00
1.020000e+00 0.000000e+00
1.040000e+00 0.000000e+00
1.060000e+00 0.000000e+00
1.080000e+00 0.000000e+00
1.100000e+00 4.696071e-03
1.120000e+00 1.396704e-02
1.140000e+00 2.586946e-02
1.160000e+00 5.032210e-02
1.180000e+00 9.896183e-02
1.200000e+00 1.142697e-01
1.220000e+00 1.018050e-01
1.240000e+00 1.050146e-01
1.260000e+00 1.613596e-01
1.280000e+00 3.385798e-01
1.300000e+00 5.637415e-01
1.320000e+00 7.372939e-01
1.340000e+00 7.242838e-01
1.360000e+00 6.072613e-01
1.380000e+00 5.347121e-01
1.400000e+00 7.184948e-01
1.420000e+00 1.549439e+00
1.440000e+00 3.374769e+00
1.460000e+00 6.246889e+00
1.480000e+00 9.372588e+00
1.500000e+00 1.187168e+01
1.520000e+00 1.296063e+01
1.540000e+00 1.235244e+01
1.560000e+00 1.040934e+01
1.580000e+00 8.185792e+00
1.600000e+00 6.029894e+00
1.620000e+00 4.095851e+00
1.640000e+00 2.638112e+00
1.660000e+00 1.683338e+00
1.680000e+00 1.061998e+00
1.700000e+00 6.508858e-01
1.720000e+00 3.822224e-01
1.740000e+00 2.339763e-01
1.760000e+00 1.434656e-01
1.780000e+00 8.690574e-02
1.800000e+00 5.297875e-02
1.820000e+00 3.352269e-02
1.840000e+00 1.629405e-02
1.860000e+00 7.527929e-03
1.880000e+00 4.689117e-03
1.900000e+00 3.475981e-03
1.920000e+00 1.348732e-03
1.940000e+00 5.661712e-04
1.960000e+00 1.848919e-04
1.980000e+00 6.039185e-05
2.000000e+00 1.775702e-04
2.020000e+00 1.740713e-04
2.040000e+00 2.844582e-04
2.060000e+00 4.463384e-04
2.080000e+00 9.303171e-04
2.100000e+00 1.395865e-03
2.120000e+00 1.843763e-03
2.140000e+00 1.654364e-03
2.160000e+00 1.623870e-03
2.180000e+00 2.042583e-03
2.200000e+00 3.424218e-03
2.220000e+00 5.572637e-03
2.240000e+00 8.304727e-03
2.260000e+00 1.478708e-02
2.280000e+00 2.627936e-02
2.300000e+00 4.779961e-02
2.320000e+00 8.102563e-02
2.340000e+00 1.343872e-01
2.360000e+00 2.220690e-01
2.380000e+00 3.348015e-01
2.400000e+00 4.926750e-01
2.420000e+00 6.861373e-01
2.440000e+00 9.221305e-01
2.460000e+00 1.178363e+00
2.480000e+00 1.427899e+00
2.500000e+00 1.694597e+00
2.520000e+00 1.884605e+00
2.540000e+00 2.060367e+00
2.560000e+00 2.163450e+00
2.580000e+00 2.216790e+00
2.600000e+00 2.188316e+00
2.620000e+00 2.064874e+00
2.640000e+00 1.900849e+00
2.660000e+00 1.690576e+00
2.680000e+00 1.472104e+00
2.700000e+00 1.233751e+00
2.720000e+00 1.003888e+00
2.740000e+00 8.106348e-01
2.760000e+00 6.287933e-01
2.780000e+00 4.781218e-01
2.800000e+00 3.568919e-01
2.820000e+00 2.796500e-01
2.840000e+00 2.194529e-01
2.860000e+00 1.795182e-01
2.880000e+00 1.465479e-01
2.900000e+00 1.322310e-01
2.920000e+00 1.281766e-01
2.940000e+00 1.330674e-01
2.960000e+00 1.372742e-01
2.980000e+00 1.507146e-01
3.000000e+00 1.716775e-01
3.020000e+00 1.863367e-01
3.040000e+00 1.984701e-01
3.060000e+00 2.155055e-01
3.080000e+00 2.303111e-01
3.100000e+00 2.478961e-01
3.120000e+00 2.578377e-01
3.140000e+00 2.680830e-01
3.160000e+00 2.920618e-01
3.180000e+00 3.076684e-01
3.200000e+00 3.168055e-01
3.220000e+00 3.227926e-01
3.240000e+00 3.331414e-01
3.260000e+00 3.454406e-01
3.280000e+00 3.509458e-01
3.300000e+00 3.667283e-01
3.320000e+00 3.743735e-01
3.340000e+00 3.839957e-01
3.360000e+00 3.988576e-01
3.380000e+00 4.032699e-01
3.400000e+00 4.164195e-01
3.420000e+00 4.275343e-01
3.440000e+00 4.345019e-01
3.460000e+00 4.505160e-01
3.480000e+00 4.618334e-01
3.500000e+00 4.706793e-01
3.520000e+00 4.809383e-01
3.540000e+00 4.909361e-01
3.560000e+00 5.089740e-01
3.580000e+00 5.297751e-01
3.600000e+00 5.519655e-01
3.620000e+00 5.608611e-01
3.640000e+00 5.798567e-01
3.660000e+00 6.192076e-01
3.680000e+00 6.372686e-01
3.700000e+00 6.610089e-01
3.720000e+00 6.906020e-01
3.740000e+00 7.258395e-01
3.760000e+00 7.632543e-01
3.780000e+00 7.954145e-01
3.800000e+00 8.387936e-01
3.820000e+00 8.983889e-01
3.840000e+00 9.330173e-01
3.860000e+00 9.621145e-01
3.880000e+00 1.003759e+00
3.900000e+00 1.026661e+00
3.920000e+00 1.018292e+00
3.940000e+00 1.014386e+00
3.960000e+00 1.018086e+00
3.980000e+00 1.014307e+00
4.000000e+00 9.714716e-01
4.020000e+00 9.499769e-01
4.040000e+00 9.362572e-01
4.060000e+00 9.152346e-01
4.080000e+00 8.978922e-01
4.100000e+00 8.721537e-01
4.120000e+00 8.613076e-01
4.140000e+00 8.528264e-01
4.160000e+00 8.555770e-01
4.180000e+00 8.478023e-01
4.200000e+00 8.479479e-01
4.220000e+00 8.420035e-01
4.240000e+00 8.475383e-01
4.260000e+00 8.563895e-01
4.280000e+00 8.624667e-01
4.300000e+00 8.753854e-01
4.320000e+00 9.027701e-01
4.340000e+00 9.173836e-01
4.360000e+00 9.278307e-01
4.380000e+00 9.257941e-01
4.400000e+00 9.443260e-01
4.420000e+00 9.544262e-01
4.440000e+00 9.729176e-01
4.460000e+00 9.766734e-01
4.480000e+00 9.951871e-01
4.500000e+00 1.000180e+00
4.520000e+00 1.025107e+00
4.540000e+00 1.031728e+00
4.560000e+00 1.049785e+00
4.580000e+00 1.054362e+00
4.600000e+00 1.064224e+00
4.620000e+00 1.073787e+00
4.640000e+00 1.091998e+00
4.660000e+00 1.106195e+00
4.680000e+00 1.110976e+00
4.700000e+00 1.121669e+00
4.720000e+00 1.137136e+00
4.740000e+00 1.138467e+00
4.760000e+00 1.143842e+00
4.780000e+00 1.142943e+00
4.800000e+00 1.134538e+00
4.820000e+00 1.153167e+00
4.840000e+00 1.161930e+00
4.860000e+00 1.168906e+00
4.880000e+00 1.171553e+00
4.900000e+00 1.183811e+00
4.920000e+00 1.188516e+00
4.940000e+00 1.202943e+00
4.960000e+00 1.197130e+00
4.980000e+00 1.201128e+00
5.000000e+00 1.206663e+00
5.020000e+00 1.206988e+00
5.040000e+00 1.202107e+00
5.060000e+00 1.215158e+00
5.080000e+00 1.209903e+00
5.100000e+00 1.218692e+00
5.120000e+00 1.218167e+00
5.140000e+00 1.214907e+00
5.160000e+00 1.212461e+00
5.180000e+00 1.202066e+00
5.200000e+00 1.183346e+00
5.220000e+00 1.185478e+00
5.240000e+00 1.170367e+00
5.260000e+00 1.188345e+00
5.280000e+00 1.180022e+00
5.300000e+00 1.178744e+00
5.320000e+00 1.170191e+00
5.340000e+00 1.172277e+00
5.360000e+00 1.173731e+00
5.380000e+00 1.174877e+00
5.400000e+00 1.169308e+00
5.420000e+00 1.164144e+00
5.440000e+00 1.161600e+00
5.460000e+00 1.150183e+00
5.480000e+00 1.145130e+00
5.500000e+00 1.144558e+00
5.520000e+00 1.149946e+00
5.540000e+00 1.140424e+00
5.560000e+00 1.141295e+00
5.580000e+00 1.141356e+00
5.600000e+00 1.143334e+00
5.620000e+00 1.140106e+00
5.640000e+00 1.140661e+00
5.660000e+00 1.127145e+00
5.680000e+00 1.113028e+00
5.700000e+00 1.113101e+00
5.720000e+00 1.117451e+00
5.740000e+00 1.115075e+00
5.760000e+00 1.101386e+00
5.780000e+00 1.111657e+00
5.800000e+00 1.110077e+00
5.820000e+00 1.103985e+00
5.840000e+00 1.105176e+00
5.860000e+00 1.096432e+00
5.880000e+00 1.097416e+00
5.900000e+00 1.107726e+00
5.920000e+00 1.101504e+00
5.940000e+00 1.099132e+00
5.960000e+00 1.102199e+00
5.980000e+00 1.089859e+00
6.000000e+00 1.084414e+00
6.020000e+00 1.094233e+00
6.040000e+00 1.098576e+00
6.060000e+00 1.101111e+00
6.080000e+00 1.096255e+00
6.100000e+00 1.081875e+00
6.120000e+00 1.077913e+00
6.140000e+00 1.083858e+00
6.160000e+00 1.081686e+00
6.180000e+00 1.077728e+00
6.200000e+00 1.068162e+00
6.220000e+00 1.078549e+00
6.240000e+00 1.067457e+00
6.260000e+00 1.070809e+00
6.280000e+00 1.072098e+00
6.300000e+00 1.070700e+00
6.320000e+00 1.064539e+00
6.340000e+00 1.057309e+00
6.360000e+00 1.047538e+00
6.380000e+00 1.045244e+00
6.400000e+00 1.048069e+00
6.420000e+00 1.038958e+00
6.440000e+00 1.040570e+00
6.460000e+00 1.037342e+00
6.480000e+00 1.031355e+00
6.500000e+00 1.032992e+00
6.520000e+00 1.029727e+00
6.540000e+00 1.025493e+00
6.560000e+00 1.020971e+00
6.580000e+00 1.022266e+00
6.600000e+00 1.014291e+00
6.620000e+00 1.010047e+00
6.640000e+00 1.008557e+00
6.660000e+00 1.003069e+00
6.680000e+00 1.000033e+00
6.700000e+00 9.960807e-01
6.720000e+00 9.978518e-01
6.740000e+00 9.969993e-01
6.760000e+00 9.986522e-01
6.780000e+00 9.948035e-01
6.800000e+00 9.934047e-01
6.820000e+00 9.935272e-01
6.840000e+00 9.950279e-01
6.860000e+00 9.939083e-01
6.880000e+00 9.911643e-01
6.900000e+00 9.883807e-01
6.920000e+00 9.839266e-01
6.940000e+00 9.813705e-01
6.960000e+00 9.774394e-01
6.980000e+00 9.650913e-01
7.000000e+00 9.672863e-01
7.020000e+00 9.673172e-01
7.040000e+00 9.653543e-01
7.060000e+00 9.623389e-01
7.080000e+00 9.620769e-01
7.100000e+00 9.612954e-01
7.120000e+00 9.557436e-01
7.140000e+00 9.542283e-01
7.160000e+00 9.526503e-01
7.180000e+00 9.439611e-01
7.200000e+00 9.488952e-01
7.220000e+00 9.491910e-01
7.240000e+00 9.528206e-01
7.260000e+00 9.460464e-01
7.280000e+00 9.452290e-01
7.300000e+00 9.390571e-01
7.320000e+00 9.430217e-01
7.340000e+00 9.466656e-01
7.360000e+00 9.476073e-01
7.380000e+00 9.463601e-01
7.400000e+00 9.487574e-01
7.420000e+00 9.495927e-01
7.440000e+00 9.514276e-01
7.460000e+00 9.493748e-01
7.480000e+00 9.479651e-01
7.500000e+00 9.476638e-01
7.520000e+00 9.471221e-01
7.540000e+00 9.493839e-01
7.560000e+00 9.503450e-01
7.580000e+00 9.570023e-01
7.600000e+00 9.528123e-01
7.620000e+00 9.523637e-01
7.640000e+00 9.440498e-01
7.660000e+00 9.447191e-01
7.680000e+00 9.424905e-01
7.700000e+00 9.480791e-01
7.720000e+00 9.457514e-01
7.740000e+00 9.483554e-01
7.760000e+00 9.449240e-01
7.780000e+00 9.460763e-01
7.800000e+00 9.368295e-01
7.820000e+00 9.399457e-01
7.840000e+00 9.356223e-01
7.860000e+00 9.317867e-01
7.880000e+00 9.368963e-01
7.900000e+00 9.391084e-01
7.920000e+00 9.360511e-01
7.940000e+00 9.373878e-01
7.960000e+00 9.374512e-01
7.980000e+00 9.354833e-01
8.000000e+00 9.395792e-01
8.020000e+00 9.428314e-01
8.040000e+00 9.404466e-01
8.060000e+00 9.453593e-01
8.080000e+00 9.464258e-01
8.100000e+00 9.455902e-01
8.120000e+00 9.446041e-01
8.140000e+00 9.436449e-01
8.160000e+00 9.421575e-01
8.180000e+00 9.477394e-01
8.200000e+00 9.497310e-01
8.220000e+00 9.523614e-01
8.240000e+00 9.494525e-01
8.260000e+00 9.520816e-01
8.280000e+00 9.541908e-01
8.300000e+00 9.497147e-01
8.320000e+00 9.496554e-01
8.340000e+00 9.544056e-01
8.360000e+00 9.497293e-01
8.380000e+00 9.536234e-01
8.400000e+00 9.552349e-01
8.420000e+00 9.598226e-01
8.440000e+00 9.617603e-01
8.460000e+00 9.677974e-01
8.480000e+00 9.710869e-01
8.500000e+00 9.693832e-01
8.520000e+00 9.717390e-01
8.540000e+00 9.636706e-01
8.560000e+00 9.658128e-01
8.580000e+00 9.679985e-01
8.600000e+00 9.724168e-01
8.620000e+00 9.745500e-01
8.640000e+00 9.745915e-01
8.660000e+00 9.764754e-01
8.680000e+00 9.785421e-01
8.700000e+00 9.799634e-01
8.720000e+00 9.750872e-01
8.740000e+00 9.774887e-01
8.760000e+00 9.809381e-01
8.780000e+00 9.833355e-01
8.800000e+00 9.843588e-01
8.820000e+00 9.856275e-01
8.840000e+00 9.881198e-01
8.860000e+00 9.912522e-01
8.880000e+00 9.855491e-01
8.900000e+00 9.865527e-01
8.920000e+00 9.881445e-01
8.940000e+00 9.898721e-01
8.960000e+00 9.923058e-01
8.980000e+00 9.907474e-01
9.000000e+00 9.939457e-01
9.020000e+00 9.952989e-01
9.040000e+00 9.973257e-01
9.060000e+00 1.001852e+00
9.080000e+00 1.001636e+00
9.100000e+00 1.001601e+00
9.120000e+00 1.001881e+00
9.140000e+00 1.002379e+00
9.160000e+00 1.005693e+00
9.180000e+00 1.002695e+00
9.200000e+00 1.007048e+00
9.220000e+00 1.008376e+00
9.240000e+00 1.005938e+00
9.260000e+00 1.002193e+00
9.280000e+00 9.990659e-01
9.300000e+00 9.984772e-01
9.320000e+00 9.991872e-01
9.340000e+00 1.003904e+00
9.360000e+00 1.003218e+00
9.380000e+00 1.006716e+00
9.400000e+00 1.008425e+00
9.420000e+00 1.009975e+00
9.440000e+00 1.010076e+00
9.460000e+00 1.009953e+00
9.480000e+00 1.010414e+00
9.500000e+00 1.009611e+00
9.520000e+00 1.007641e+00
9.540000e+00 1.013220e+00
9.560000e+00 1.013679e+00
9.580000e+00 1.011071e+00
9.600000e+00 1.010213e+00
9.620000e+00 1.012315e+00
9.640000e+00 1.012410e+00
9.660000e+00 1.011391e+00
9.680000e+00 1.014308e+00
9.700000e+00 1.013150e+00
9.720000e+00 1.015851e+00
9.740000e+00 1.013782e+00
9.760000e+00 1.019434e+00
9.780000e+00 1.027019e+00
9.800000e+00 1.025822e+00
9.820000e+00 1.019328e+00
9.840000e+00 1.016964e+00
9.860000e+00 1.020769e+00
9.880000e+00 1.022331e+00
9.900000e+00 1.017327e+00
9.920000e+00 1.022341e+00
9.940000e+00 1.019628e+00
9.960000e+00 1.026983e+00
9.980000e+00 1.028652e+00
1.000000e+01 1.028538e+00
1.002000e+01 1.027535e+00
1.004000e+01 1.023373e+00
1.006000e+01 1.025952e+00
1.008000e+01 1.027899e+00
1.010000e+01 1.030888e+00
1.012000e+01 1.034136e+00
1.014000e+01 1.033736e+00
1.016000e+01 1.033574e+00
1.018000e+01 1.026939e+00
1.020000e+01 1.030703e+00
1.022000e+01 1.034559e+00
1.024000e+01 1.031163e+00
1.026000e+01 1.033908e+00
1.028000e+01 1.032862e+00
1.030000e+01 1.029674e+00
1.032000e+01 1.025602e+00
1.034000e+01 1.030691e+00
1.036000e+01 1.029038e+00
1.038000e+01 1.026729e+00
1.040000e+01 1.027300e+00
1.042000e+01 1.027593e+00
1.044000e+01 1.025897e+00
1.046000e+01 1.021620e+00
1.048000e+01 1.017938e+00
1.050000e+01 1.023848e+00
1.052000e+01 1.023189e+00
1.054000e+01 1.027042e+00
1.056000e+01 1.030605e+00
1.058000e+01 1.032398e+00
1.060000e+01 1.030765e+00
1.062000e+01 1.029665e+00
1.064000e+01 1.031388e+00
1.066000e+01 1.030086e+00
1.068000e+01 1.029146e+00
1.070000e+01 1.027759e+00
1.072000e+01 1.025834e+00
1.074000e+01 1.026360e+00
1.076000e+01 1.027415e+00
1.078000e+01 1.022975e+00
1.080000e+01 1.024700e+00
1.082000e+01 1.026956e+00
1.084000e+01 1.023997e+00
1.086000e+01 1.025623e+00
1.088000e+01 1.023785e+00
1.090000e+01 1.027100e+00
1.092000e+01 1.025960e+00
1.094000e+01 1.028614e+00
1.096000e+01 1.025831e+00
1.098000e+01 1.028061e+00
1.100000e+01 1.027068e+00
1.102000e+01 1.027389e+00
1.104000e+01 1.025824e+00
1.106000e+01 1.025783e+00
1.108000e+01 1.025200e+00
1.110000e+01 1.026184e+00
1.112000e+01 1.022347e+00
1.114000e+01 1.021899e+00
1.116000e+01 1.024701e+00
1.118000e+01 1.023027e+00
1.120000e+01 1.018543e+00
1.122000e+01 1.021546e+00
1.124000e+01 1.017350e+00
1.126000e+01 1.014686e+00
1.128000e+01 1.012375e+00
1.130000e+01 1.014978e+00
1.132000e+01 1.013477e+00
1.134000e+01 1.011397e+00
1.136000e+01 1.015735e+00
1.138000e+01 1.011517e+00
1.140000e+01 1.009541e+00
1.142000e+01 1.010271e+00
1.144000e+01 1.014439e+00
1.146000e+01 1.015589e+00
1.148000e+01 1.013373e+00
1.150000e+01 1.013667e+00
1.152000e+01 1.011770e+00
1.154000e+01 1.010666e+00
1.156000e+01 1.008313e+00
1.158000e+01 1.004710e+00
1.160000e+01 1.005193e+00
1.162000e+01 1.003564e+00
1.164000e+01 1.006123e+00
1.166000e+01 1.005257e+00
1.168000e+01 1.005967e+00
1.170000e+01 9.988466e-01
1.172000e+01 9.956094e-01
1.174000e+01 1.000201e+00
1.176000e+01 1.001662e+00
1.178000e+01 9.989052e-01
1.180000e+01 1.002074e+00
1.182000e+01 9.956655e-01
1.184000e+01 9.951234e-01
1.186000e+01 9.990347e-01
1.188000e+01 9.978882e-01
1.190000e+01 9.978454e-01
1.192000e+01 9.966360e-01
1.194000e+01 9.949723e-01
1.196000e+01 9.953286e-01
1.198000e+01 9.951441e-01
1.200000e+01 9.930891e-01
1.202000e+01 9.878075e-01
1.204000e+01 9.900702e-01
1.206000e+01 9.924833e-01
1.208000e+01 9.929102e-01
1.210000e+01 9.888608e-01
1.212000e+01 9.893215e-01
1.214000e+01 9.913353e-01
1.216000e+01 9.859330e-01
1.218000e+01 9.844805e-01
1.220000e+01 9.845147e-01
1.222000e+01 9.849952e-01
1.224000e+01 9.856412e-01
1.226000e+01 9.890217e-01
1.228000e+01 9.862204e-01
1.230000e+01 9.822271e-01
1.232000e+01 9.805833e-01
1.234000e+01 9.809228e-01
1.236000e+01 9.787954e-01
1.238000e+01 9.798017e-01
1.240000e+01 9.790180e-01
1.242000e+01 9.747916e-01
1.244000e+01 9.746568e-01
1.246000e+01 9.765523e-01
1.248000e+01 9.725553e-01
1.250000e+01 9.733292e-01
1.252000e+01 9.711721e-01
1.254000e+01 9.717655e-01
1.256000e+01 9.744318e-01
1.258000e+01 9.794894e-01
1.260000e+01 9.793576e-01
1.262000e+01 9.778540e-01
1.264000e+01 9.790520e-01
1.266000e+01 9.782537e-01
1.268000e+01 9.804507e-01
1.270000e+01 9.794158e-01
1.272000e+01 9.835260e-01
1.274000e+01 9.809889e-01
1.276000e+01 9.817086e-01
1.278000e+01 9.828523e-01
1.280000e+01 9.832890e-01
1.282000e+01 9.849744e-01
1.284000e+01 9.827872e-01
1.286000e+01 9.869824e-01
1.288000e+01 9.867854e-01
1.290000e+01 9.852532e-01
1.292000e+01 9.848278e-01
1.294000e+01 9.842603e-01
1.296000e+01 9.824709e-01
1.298000e+01 9.852479e-01
1.300000e+01 9.812408e-01
1.302000e+01 9.857174e-01
1.304000e+01 9.829300e-01
1.306000e+01 9.796664e-01
1.308000e+01 9.795913e-01
1.310000e+01 9.842264e-01
1.312000e+01 9.805788e-01
1.314000e+01 9.813052e-01
1.316000e+01 9.816045e-01
1.318000e+01 9.818415e-01
1.320000e+01 9.785926e-01
1.322000e+01 9.807141e-01
1.324000e+01 9.807005e-01
1.326000e+01 9.782197e-01
1.328000e+01 9.802991e-01
1.330000e+01 9.782538e-01
1.332000e+01 9.798501e-01
1.334000e+01 9.795671e-01
1.336000e+01 9.786633e-01
1.338000e+01 9.763679e-01
1.340000e+01 9.708751e-01
1.342000e+01 9.721233e-01
1.344000e+01 9.718143e-01
1.346000e+01 9.722426e-01
1.348000e+01 9.722353e-01
1.350000e+01 9.734619e-01
1.352000e+01 9.718559e-01
1.354000e+01 9.706465e-01
1.356000e+01 9.673964e-01
1.358000e+01 9.651589e-01
1.360000e+01 9.648722e-01
1.362000e+01 9.614994e-01
1.364000e+01 9.642595e-01
1.366000e+01 9.626180e-01
1.368000e+01 9.665321e-01
1.370000e+01 9.675482e-01
1.372000e+01 9.681442e-01
1.374000e+01 9.795933e-01
1.376000e+01 9.833077e-01
1.378000e+01 9.842383e-01
1.380000e+01 9.849892e-01
1.382000e+01 9.890513e-01
1.384000e+01 9.933305e-01
1.386000e+01 9.908984e-01
1.388000e+01 9.919197e-01
1.390000e+01 9.915819e-01
1.392000e+01 9.923758e-01
1.394000e+01 9.934498e-01
1.396000e+01 9.977026e-01
1.398000e+01 9.998132e-01
1.400000e+01 9.997502e-01
1.402000e+01 9.982610e-01
1.404000e+01 1.000697e+00
1.406000e+01 9.991212e-01
1.408000e+01 9.968390e-01
1.410000e+01 9.982824e-01
1.412000e+01 1.000275e+00
1.414000e+01 9.993423e-01
1.416000e+01 9.977836e-01
1.418000e+01 9.981408e-01
1.420000e+01 9.985483e-01
1.422000e+01 9.968678e-01
1.424000e+01 9.981036e-01
1.426000e+01 9.946829e-01
1.428000e+01 9.947943e-01
1.430000e+01 9.971126e-01
1.432000e+01 9.982353e-01
1.434000e+01 9.949358e-01
1.436000e+01 9.955579e-01
1.438000e+01 9.948343e-01
1.440000e+01 9.923663e-01
1.442000e+01 9.903635e-01
1.444000e+01 9.899543e-01
1.446000e+01 9.880115e-01
1.448000e+01 9.925651e-01
1.450000e+01 9.881082e-01
1.452000e+01 9.893926e-01
1.454000e+01 9.901152e-01
1.456000e+01 9.878996e-01
1.458000e+01 9.850029e-01
1.460000e+01 9.866968e-01
1.462000e+01 9.847213e-01
1.464000e+01 9.848462e-01
1.466000e+01 9.858634e-01
1.468000e+01 9.872143e-01
1.470000e+01 9.893705e-01
1.472000e+01 9.853518e-01
1.474000e+01 9.851065e-01
1.476000e+01 9.834612e-01
1.478000e+01 9.852202e-01
1.480000e+01 9.836855e-01
1.482000e+01 9.855070e-01
1.484000e+01 9.850274e-01
1.486000e+01 9.864723e-01
1.488000e+01 9.887957e-01
1.490000e+01 9.854668e-01
1.492000e+01 9.860833e-01
1.494000e+01 9.894911e-01
1.496000e+01 9.890625e-01
1.498000e+01 9.890746e-01
1.500000e+01 9.873101e-01
1.502000e+01 9.864677e-01
1.504000e+01 9.841117e-01
1.506000e+01 9.855301e-01
1.508000e+01 9.852790e-01
1.510000e+01 9.858928e-01
1.512000e+01 9.855399e-01
1.514000e+01 9.852060e-01
1.516000e+01 9.840350e-01
1.518000e+01 9.842734e-01
1.520000e+01 9.842212e-01
1.522000e+01 9.871074e-01
1.524000e+01 9.844907e-01
1.526000e+01 9.873350e-01
1.528000e+01 9.863116e-01
