-8.31663296 0.50410841 -9.48080005
6.71485106 -0.36553418 -12.48915899
24.54600027 0.08250073 -19.95962250
-7.39439848 1.15769710 10.52122268
3.30929002 4.21733532 -11.83527847
-34.11840870 13.37243332 -10.21958971
-6.82220939 -6.72021765 -4.63350343
0.41928023 1.71232081 16.02543698
-18.86440602 12.55221457 -6.52578916
-1.57715276 6.13157638 4.00666829
-34.48528085 17.09262936 9.63602346
-32.66537876 -10.64316231 6.86032285
-5.16920816 -6.08521477 -10.80999700
15.52808288 -6.47573824 -8.72603320
13.74075208 -17.91546087 -48.12493898
-0.03170359 -4.98271574 4.36456017
2.35490233 0.98459744 29.78979928
6.04814325 -3.40224518 -23.15241012
9.02168936 10.97796078 12.20099799
27.74609827 -31.25183377 16.70943283
-7.10649054 9.26033973 1.54689333
-1.93398378 3.02841726 -5.81057734
6.41307618 11.83939701 38.31942679
12.05991893 10.52833372 17.39165421
2.33358427 4.57628942 7.47139114
2.72103147 -24.18971744 2.58282139
33.48851880 -29.57797108 7.31566994
9.90113387 17.36755735 -9.94346274
2.98342719 -7.59918999 -5.17375505
10.02842027 -16.56035035 -1.91980445
13.88019597 13.67378662 15.38157902
-5.94369790 -14.12021615 1.85969942
1.79658966 -11.52270585 0.63976417
-8.08727955 50.05294202 47.44633815
27.90832803 27.29453404 -41.37013638
-7.30291864 0.37871792 -0.25317487
61.74870144 48.60612186 14.66940954
-4.91361221 21.09149876 -66.97582210
-0.49320437 -12.94323744 9.75017130
53.49445420 7.72120497 -54.62860136
10.34000394 17.10212282 -59.03752569
-3.93786976 3.00361174 0.58834977
14.31051280 13.38908253 -1.74714651
-40.83136153 -12.86950868 -16.61417073
-4.56084470 4.57473341 -2.99324949
27.18798168 1.84551936 5.26888962
-3.45329107 -16.35482048 -1.28536529
3.36278348 3.94824089 -1.71306905
0.20788615 56.58993737 -9.14428557
4.09646654 55.21440061 7.91528529
1.71467039 -4.86881691 1.86811825
-12.67516984 -1.77240010 20.23655568
-25.16408601 -42.08795264 0.63046489
6.20891769 -10.34096940 -6.87817433
-44.17657185 3.70323554 -9.93471787
28.11103217 28.36316952 -24.33842030
0.35415454 -0.86857137 -3.23596653
-58.05996993 11.08337788 28.78406578
-23.10280225 53.49123630 -30.57777529
-3.52574915 14.84480298 40.97540291
1.48655472 -5.61948252 0.46169247
33.21237092 -15.85541246 -9.82098046
0.15046132 11.51706937 7.02817861
5.34904569 -27.17686645 4.42525927
-2.06855044 5.54668600 3.12728426
15.40170214 -48.45980218 -29.20639697
15.14385316 -23.58526803 24.76340242
-4.87868233 -3.80611388 4.07714405
-33.43612880 -14.08720737 6.10442718
-14.66746444 7.80091463 -14.45476053
10.15012944 -7.70499723 -2.82108523
-4.76520227 -43.68981129 8.22045564
10.52128128 -2.74063829 -22.36387007
6.79312614 1.66121684 -8.96897042
-1.73226593 -35.00824185 -21.75969403
-10.03607738 6.56920916 35.98066382
-0.20025333 6.21143960 3.53812683
21.14306458 -3.50396220 -2.47795871
-1.79180572 -14.37781386 -26.42327028
2.35553030 4.12324237 -5.42552511
8.16068197 -9.13197145 24.49790082
36.88695331 -25.77571962 29.86399855
-0.87442279 -12.11062737 -0.50515400
43.95074784 1.43617168 -10.71053089
18.48679199 -18.27308267 -7.81371843
-5.82183847 2.72581360 -1.44719078
-18.47956308 33.36658745 5.73432614
9.71211325 12.96506571 7.67191875
0.01399306 -5.12720146 -0.66821738
13.38879120 22.55367617 2.96364846
1.68045428 12.18403356 3.39001790
18.65406219 -19.60338557 -29.80142031
-10.86422826 6.79536286 -7.09429678
-42.59945111 10.48574033 -20.33084829
-3.84014071 4.77006892 -24.03575752
27.63999716 11.64388754 31.03661801
-0.05090377 -7.26056030 -5.98739669
0.67667706 -16.53277851 -8.69017120
-0.65532642 22.16776932 -4.01268838
0.10129932 -7.10128346 0.13430524
7.21631679 -0.72279993 -8.05106205
25.88368551 -5.40078612 -15.88354683
4.03467087 1.26743030 -2.04009109
9.02104980 7.08042166 -25.54283160
22.37398483 -8.65050036 15.04423474
5.05951820 -4.90055874 -5.13018837
9.46382071 12.80101851 17.45565219
10.06558076 25.83320903 27.03207571
4.31666701 0.33869755 -8.92690854
-5.38963229 -33.76259823 -12.36780256
14.89953760 0.36210190 23.62602438
-4.39674084 5.69118923 6.24416555
0.43462807 20.83086543 -7.56195495
-22.64700434 9.55240380 4.84429542
-4.53250339 13.97360008 14.57005912
23.76049482 20.50656761 16.42790648
-21.95351444 6.89331118 40.67093176
-7.54360842 -3.87634377 -0.42514899
0.89506210 4.78393382 15.47960945
14.07911855 20.64810736 33.67037270
5.76797938 9.35739167 4.44828640
34.74395741 2.31559685 22.57726391
5.90148125 -7.91903227 5.12372688
47.25278679 -11.57158366 38.77323015
3.48791456 12.71840974 9.64230288
33.47292562 -4.32647975 11.91559184
-13.01252703 37.55751333 3.64880511
-20.26965814 -12.68538112 44.54201232
1.61253817 1.22025980 12.27029844
19.84812359 -15.49052125 8.28255715
-41.00784995 5.25156025 -5.72288762
2.62778658 0.00139127 -1.27745523
16.65750787 6.19723494 11.86712969
-2.15983493 -0.77262762 -13.88797328
4.50980615 1.62195439 -8.51265587
-7.09292453 -3.54646603 -2.93784384
-8.67702256 1.30498502 -32.36565334
11.61144252 6.23117085 8.88303607
-9.19099649 3.35089642 18.08272317
-27.24272689 36.06493884 -15.02160220
5.75694534 10.53398782 10.99484916
-1.11307683 7.35966096 29.14202693
-22.30832863 -49.56379921 28.93367260
3.02163584 3.19740522 8.96102786
-0.51239172 -6.56171084 64.95403516
45.00318226 -0.58050617 -5.97036376
0.79463165 -2.39026991 -4.44544876
14.91970318 -33.00075310 9.49357609
-9.83171930 -18.00159795 -9.03940831
4.99233799 3.08008402 -4.37264543
28.12594454 39.28891853 -26.26360937
0.01026046 16.09549446 -6.54553094
-3.24405188 -5.87362808 -8.11579499
-49.71233424 -21.08768119 9.67975145
-6.49726386 -15.17235930 -10.84052956
-5.06418057 -5.78366922 -43.85050029
10.93960122 0.73766588 -3.53497620
-33.66102898 -48.89196833 11.30027004
5.24126869 -18.25961495 -25.66332808
5.05295939 -27.17719966 14.94154504
-4.95740377 0.40106864 4.80522671
-13.68974152 -16.86555361 -6.29595993
20.04577157 -6.67279601 35.73899631
-4.28407089 -1.50362110 -5.92822025
-13.17173856 21.89375005 -10.24499635
7.46501904 -13.21293042 -11.71916066
-6.53060502 -5.07772007 -11.20558135
15.19363319 -31.50231729 -28.22246539
-7.40882881 -24.67128227 -3.88513934
4.00525582 -0.05776814 7.35884049
3.62242328 7.93198981 20.80438596
-17.75226598 -11.18491601 -30.26127282
-0.51698533 6.89148588 -1.45060515
-3.42628929 5.43456698 -7.82008990
20.01849120 -17.13673493 27.92967364
4.57847363 -10.57545317 -5.82193021
-12.82031963 5.37321772 -8.24972730
-10.12702670 3.14019815 -9.27080859
-3.06898772 9.11641170 -0.00909299
-17.19095324 -9.55970831 2.65465060
3.30784450 30.57445165 16.12529942
-7.82689219 -11.52603834 7.58034755
-0.73487714 -24.36756752 21.31772389
-3.74277912 -14.41558374 16.28721203
1.62852996 3.09475990 7.06890657
25.16681559 20.33630595 -7.84454607
-26.64520006 -22.23348395 -0.84379661
-17.19989747 21.96029102 -9.41011858
-10.35159095 2.87567886 2.01945043
-15.43055395 -19.33050356 11.97469165
18.01596990 2.16851238 17.62955357
-9.84880478 -10.00104835 29.06151294
-8.18151264 -3.46314425 0.99196034
-1.56326368 10.42439211 21.29836265
-21.49966247 -20.59753908 -26.32373169
-0.79420655 -3.27485609 -4.07730753
-3.92213593 10.27711111 1.50751130
-11.07097968 -22.08981051 -14.58131710
-10.38905052 -8.48847654 2.58729844
11.37097008 23.02854218 -1.23664648
-18.39330044 -3.09531088 -7.85851233
-2.31797418 0.29987402 5.64515867
18.24563059 -11.19593011 8.54877598
24.63892065 0.09722766 -14.76191693
5.43760920 -2.73358962 6.21569583
-12.78651553 -24.68355375 -7.09375605
-10.12813519 -5.85025214 -16.48795802
2.65632545 2.55102722 1.11486291
0.55442941 -20.76692695 5.59268945
-6.55509244 -5.80452094 -4.93589612
3.17737091 7.31028009 -5.18217735
9.52374747 -7.07456599 8.35084340
25.68825810 3.68477616 8.86491618
-5.83568514 -5.21360640 -2.02002652
3.91230230 -6.86959020 6.87862568
6.60469670 -20.54614938 25.71399741
11.27880729 -1.79977467 -3.66137894
-25.83043089 -32.96575276 4.94592134
45.75890320 7.56846478 17.82836007
9.29345458 -22.09653488 -39.59784268
-7.54287877 5.34275341 -5.76663791
-5.39242895 -14.78373319 0.21428050
21.91711906 10.24263162 14.10679788
-0.38897252 31.10164390 0.07010015
-4.38032643 -1.52057528 -4.02853260
-0.62608500 -1.08429818 50.24339931
-12.71130355 -2.99837748 3.63341172
9.79444496 22.18078259 -2.19299590
-15.38367119 39.89428449 -30.75206850
20.51484197 -5.97457454 6.34528365
1.02876737 3.03977199 1.73356595
-39.23273575 -49.94465544 -5.69685535
-4.39162697 -24.72482242 19.61739717
0.48069372 -4.79831824 13.57085368
0.57806934 20.18820194 -8.80331952
23.07975796 22.20345509 10.14920124
-1.89866512 9.20125702 3.55706624
-20.96773345 -47.36740005 -5.43778770
16.85069753 5.45145254 12.94835839
-3.05273939 -1.65329703 -2.70731055
-5.09097670 20.50310118 -30.57915652
22.86488302 -32.62684615 14.64516694
-7.78456145 -4.15203589 -3.27768043
-3.88825340 -16.14858676 20.37821367
0.96556865 -7.60191923 -2.57803676
-20.58998653 -0.88927466 5.38354162
52.76850895 -18.51269052 2.39879241
-15.04703494 -20.80211234 35.82611320
-0.46545795 3.42850893 1.64563110
42.17220817 -15.41733885 -3.14961626
-13.47168799 0.44152192 -16.75622054
-18.01749312 5.68904300 -14.13370523
7.99751532 -4.77790487 -7.52001304
23.63115018 31.55417147 15.00082398
27.40392090 12.05139510 49.57414587
-11.30057032 18.98853029 3.38443037
-8.35192947 6.39412876 -1.26441578
-16.94074866 19.36493573 -3.46456847
16.38247193 -16.18683489 25.56811529
1.90625737 1.47737386 2.42894071
-0.29248957 -7.30432771 -5.41192373
16.55246284 5.83816574 -21.66578809
9.02399285 0.77656597 -8.89329211
24.96045019 11.77204503 13.13963732
18.20173013 -12.68194654 13.28389945
-10.06278953 -11.58726212 -5.20261741
23.30541294 -11.92210709 -18.26525495
-9.25211992 27.82796364 -11.12039667
0.93160912 -0.29048156 13.06317196
8.18601304 -27.31433896 -36.95788763
-14.79946265 8.42445397 6.75239744
3.15798836 -0.68611254 5.41449970
9.52668775 2.93793663 8.26116277
-19.31676559 10.46903223 -15.35820933
1.65276930 4.99898222 -9.25971972
-5.72631323 17.93275245 -19.36983115
14.72741593 -18.45686335 -25.94628083
-1.68681544 -6.36549419 -1.26023357
-37.68081901 11.28953741 11.64270780
-7.26770857 -9.38798987 -17.56661508
-8.68361620 4.58753126 -6.66427669
23.22665456 -19.76964487 -40.46891943
21.16814485 -4.08814795 -25.21714200
-6.21493809 0.41419022 14.75811836
-10.81189673 -1.06719377 3.49580142
-4.66012402 16.05881925 -20.22419337
-0.79775209 8.61212119 -40.07854942
-46.39340502 -15.53702498 -18.79725353
6.34269612 4.92872035 -15.05966774
25.90389144 -18.57581354 4.15267441
9.52281272 0.28947212 -11.10752914
-10.26954548 10.29060149 -4.84887194
-12.39700093 -9.04360037 -21.67202611
-25.99683388 17.82535111 8.00518837
-3.22432386 5.43566138 8.73906641
-6.78067810 3.81039169 17.26784288
9.38844258 -18.34154204 7.52739760
3.06273711 12.38997248 -5.03877728
10.50424729 0.04175115 12.35018308
-3.86752189 -1.85263038 -21.78258817
0.98324170 -12.57110794 6.17942399
4.75942721 15.48178934 -24.90319539
1.67818096 10.89484386 -28.14193861
-3.73435557 6.89890765 5.44564425
-10.10274414 28.54795485 1.43479534
19.56229376 1.21600309 -9.08825899
10.82631866 -0.73378494 1.99711992
-32.54345052 -22.54292560 -7.60447984
-10.35872457 2.02096669 -7.28938022
4.26042565 -2.64591463 -2.45018643
-9.91316287 -7.40791583 -23.52113666
-1.97236228 -6.63790354 22.75219922
1.29463909 -2.36806531 4.63307469
44.97761626 -12.67373332 10.89414809
24.67975087 -17.82482589 -9.14603617
10.26002087 7.26537952 -20.84693522
-20.36014181 -2.85461709 12.71669891
-5.93525500 -41.13494843 6.56101458
-3.05161827 2.29730095 2.26415516
14.67816157 -7.63150030 -4.94157834
2.08186032 -0.14521602 1.10831014
15.31173046 -29.96601871 13.99743628
-40.87601535 9.76068696 13.27132713
2.07004373 2.79318445 -7.18411176
40.90205869 8.99180568 12.10708715
22.86719577 -9.96272915 -9.11716634
15.30880214 -0.73508055 0.05148135
37.50591883 -27.21201804 22.95582284
-7.53679574 2.10132691 13.81468228
-6.50155186 0.36769776 2.82305027
29.17603912 -7.56876166 -12.13767307
-28.69279834 15.50917269 24.94889804
-7.01173312 2.34703996 -0.06682810
24.69484311 31.00906333 -38.65604013
19.85129585 -7.26866637 29.74902493
3.32167074 0.51379688 -0.53880050
-4.49870573 -16.21238598 -11.89414365
14.32728015 -9.31675867 -7.47916777
0.01049399 1.67581256 4.60412284
13.01413977 14.51843587 -14.26407158
3.74749687 -19.06306162 -19.39150051
0.75845873 -2.33340060 -5.10536523
-16.79223150 -11.77361643 8.95462687
22.03640115 9.94682992 21.52479097
-9.26820559 -1.64296974 -7.34767983
13.06316346 -4.20581525 -32.02899261
-27.42933251 14.13657723 -11.63748241
-3.55215748 -31.46479439 -23.16538979
19.37185876 1.58473397 -2.79686832
-1.57822902 22.11748184 18.93393574
16.55310006 -17.89574031 -4.48448474
-9.21721016 10.99866503 13.47659849
