#FRAME  RXNSTATETYPE  NCOMPONENTS  STRUCTURES
           0           1          12           1           1           2           1           1           1           1           3           4           1           1           1
           1           2          12           5           6           1           1           1           1           1           1           1           1           1           1
           2           3          12           1           1           1           1           7           8           1           1           1           1           1           1
           3           4          13           1           9          10           5           1           1           1           6           1           1           1           1           1
           4           5          11           1           1           1           1           1           1           1           1           1           1           1
           5           6          12           1          11          12           2           1           1           1           1           1           1           1           1
           6           5          11           1           1           1           1           1           1           1           1           1           1           1
           7           7          12           1           1           1           1           2           9          13           1           1           1           1           1
           8           3          12           1           1           7           8           1           1           1           1           1           1           1           1
           9           5          11          14          15           1           1           1           1           1           1           1           1           1
          10           5          11           1           1           1           1           1           1           1           1           1           1           1
          11           8          12           1           1           1           1           1           1           1           1           1           1           3           5
          12           9          12          16          11           1           1           1           1           1           1           1           1           1           1
          13           5          11           1           1           1          17           2           1           1           1           1           1           1
          14           5          11           1          18           1           1           1           1           1           1           1          17           1
          15          10          12          19           5          15           1           1           1           1           1           1          20           1           1
          16           5          11          21           1           1           1           1           1           1           1           1           1           5
          17           5          11           1           1          22           1           1           7           1           1           1           1           1
          18           3          12           1           1           1           1           1           1           1           1           8           7           1           1
          19          11          12          23          16           1           1           1           1           1           1           1           1           1           1
          20           5          11           1           1           1           1          24           4           1           1           1           1           1
          21           3          12           1           1           1           1           1           1           7           8           1           1           1           1
          22          12          13           1           1           1           1           1           1           1           1           8          25          12          26           1
          23          13          12           1           9           9           1           1           1           1           1          27           1           1           1
          24           5          11           1           1           1           1           1           1           1           1           1          17          18
          25          14          12           1           1           1           1           1           1           1           1           4          28           1           1
          26          15          12           1           1           1           1           1           7           2          12           1           1          26           1
          27           5          11           1           1          17           2           1           1           1           1           1           1           1
          28          16          12           1           1           1           1           1           1           1           1          18          29          30           1
          29           5          11           1           1           1           1          24           4           1           1           1           1           1
          30          17          12           1           1           1          31           8           9           1           1           1           1           1           1
          31          14          12           1           1           1          28           4           1           1           1           1           1           1           1
          32           5          11           1           1           1           1           1           1           1           1           1           1           1
          33           3          12           1           1           1           1           7           8           1           1           1           1           1           1
          34           3          12           1           1           1           1           1           1           1           1           1           1           8           7
          35          18          12           1           1          32           4           1           1           1          15           1           1           1           1
          36           5          11           1           1           1           1           1           1           1           1           1           1           1
          37          19          12           1           1           1           1           1           1          15           2          33           1           1           1
          38           5          11           1           2           1           1           1           1          31          15           1           1           1
          39           5          11           1           2           1           1           1           1           1           1           1          17           1
          40           5          11           1           1           1           1           1           1           1           1           1           1           1
          41           5          11           1           1           1           1           1           1           1           1           1           1           1
          42          20          12           1           1           1          25           1           1           1           1          33           1           1           1
          43          14          12           1          28           4           1           1           1           1           1           1           1           1           1
          44           5          11           1           1           1           1           1           1           1           1           1           1           1
          45           5          11           1           2           1           1           1           1           1           1           1          17           1
          46           5          11           1           1           1           1           1           1           1           1           1           1           1
          47          21          12           1           1           1           1           1           1          34          12           1           1           1           1
          48          22          12           1           1           1           1           1           1          26          35           1           1           1           1
          49          23          13           1           1           1           1           1           1           5           8          36           1           1           1           1
          50           5          11           1           1           1           1           1           1           1           1          17           2           1
          51           5          11           1           1           1           1           1          17          18           1           1           1           1
          52          24          12           1           1           1           1          27          12          17           1           1           1           1           1
          53           5          11           1           1           2          17           1           1           1           1           1           1           1
          54           5          11           1           1           1           1           1           1          17           2           1           1           1
          55          20          12           1           1           1           1           1          33          25           1           1           1           1           1
          56           8          12           1           1           1           1           1           1           1           1           1           1           5           3
          57          25          12           1           1           1           1           1          26          17          12           1           1           1           1
          58          26          12           1           1           1           1           1           1           9          10           1           1           1           1
          59          27          12           1          19          12           1           1           1           1           1          37           1           1           1
          60          20          12           1           1           1           1           1           1           1           1          33          25           1           1
          61          28          13           1           1          15          28          33           5           1           1           1           1           1           1           1
          62          29          12           1           1           1           1           1           1           1           1           1           1          15          13
          63           5          11           1           1           1           1           1           1           1           1           1           1           1
          64           5          11           1           1           1           1           1           1           1           1           1           1           1
          65           5          11           1           1           1          18          17           1           1           1           1           1           1
          66           5          11           1           1           1           1           1           1           1           1          31           1          25
          67           5          11           1           1           1           1           1           1           1           1           1           1           1
          68           5          11           1          17          18           1           1           1           1           1           1           1           1
          69          21          12           1           1           1           1           1           1           1          12           1           1           1          34
          70          30          12          25          38           1           1           1           1           1           1           1           1           1           1
          71          14          12           1           1           1           1           1           4          28           1           1           1           1           1
          72          21          12           1           1           1           1           1           1           1          34          12           1           1           1
          73          31          13           1           1           1           1           1           1          15           8           8           1           1           1           1
          74           9          12          11          16           1           1           1           1           1           1           1           1           1           1
          75          32          13           1           1           1           1           9           8           4           1           1           1           1           1          26
          76           5          11           1           1           1           1           1           1           1           1           1           1           1
          77          14          12           1           1           1           1           1           1           1           1           4          28           1           1
          78           5          11           1           1          25          18          39           1           1           1           1           1           1
          79          33          12           1           1           1           1           7          40          12           1           1           1           1           1
          80           5          11           1           1           1           1          41           5           1           1           1           1           1
          81          20          12           1           1           1           1           1          33          25           1           1           1           1           1
          82           1          12           1           1           1           1           1           1           2           1           4           3           1           1
          83           5          11           1          17          18           1           1           1           1           1           1           1           1
          84          29          12           1          15          13           1           1           1           1           1           1           1           1           1
          85          34          12           1           1          42          12           1           1           1           1           1           1           1           1
          86           5          11           1           1           1           1           1           1           1           1           1          18          17
          87          25          12           1           1           1          17          12           1           1          26           1           1           1           1
          88          35          12           1          19           9           1           1           1           1           1          29           1           1           1
          89           9          12           1           1           1          16          11           1           1           1           1           1           1           1
          90          36          13           1           1           1           1           1           1           1          43          12          44           1           1           1
          91           5          11           2           1          17           1           1           1           1           1           1           1           1
          92           5          11           1           1           1           1           1           1           1           1           1           1           1
          93           5          11           1           1           1           1          17           2           1           1           1           1           1
          94           5          11          45          12           1           1           1           1           1           1           1           1           1
          95           9          12           1           1           1           1           1          16          11           1           1           1           1           1
          96          15          12           1           1           2           7          12           1          26           1           1           1           1           1
          97          16          12           1          30          18          29           1           1           1           1           1           1           1           1
          98          24          12           1          17          12           1           1           1           1           1          27           1           1           1
          99          27          12          37          12           1           1           1           1           1          19           1           1           1           1
