#RXNSTATETYPE  NCOMPONENTS  STRUCTURES
           1          12           1           1           2           1           1           1           1           3           4           1           1           1
           2          12           5           6           1           1           1           1           1           1           1           1           1           1
           3          12           1           1           1           1           7           8           1           1           1           1           1           1
           4          13           1           9          10           5           1           1           1           6           1           1           1           1           1
           5          11           1           1           1           1           1           1           1           1           1           1           1
           6          12           1          11          12           2           1           1           1           1           1           1           1           1
           7          12           1           1           1           1           2           9          13           1           1           1           1           1
           8          12           1           1           1           1           1           1           1           1           1           1           3           5
           9          12          16          11           1           1           1           1           1           1           1           1           1           1
          10          12          19           5          15           1           1           1           1           1           1          20           1           1
          11          12          23          16           1           1           1           1           1           1           1           1           1           1
          12          13           1           1           1           1           1           1           1           1           8          25          12          26           1
          13          12           1           9           9           1           1           1           1           1          27           1           1           1
          14          12           1           1           1           1           1           1           1           1           4          28           1           1
          15          12           1           1           1           1           1           7           2          12           1           1          26           1
          16          12           1           1           1           1           1           1           1           1          18          29          30           1
          17          12           1           1           1          31           8           9           1           1           1           1           1           1
          18          12           1           1          32           4           1           1           1          15           1           1           1           1
          19          12           1           1           1           1           1           1          15           2          33           1           1           1
          20          12           1           1           1          25           1           1           1           1          33           1           1           1
          21          12           1           1           1           1           1           1          34          12           1           1           1           1
          22          12           1           1           1           1           1           1          26          35           1           1           1           1
          23          13           1           1           1           1           1           1           5           8          36           1           1           1           1
          24          12           1           1           1           1          27          12          17           1           1           1           1           1
          25          12           1           1           1           1           1          26          17          12           1           1           1           1
          26          12           1           1           1           1           1           1           9          10           1           1           1           1
          27          12           1          19          12           1           1           1           1           1          37           1           1           1
          28          13           1           1          15          28          33           5           1           1           1           1           1           1           1
          29          12           1           1           1           1           1           1           1           1           1           1          15          13
          30          12          25          38           1           1           1           1           1           1           1           1           1           1
          31          13           1           1           1           1           1           1          15           8           8           1           1           1           1
          32          13           1           1           1           1           9           8           4           1           1           1           1           1          26
          33          12           1           1           1           1           7          40          12           1           1           1           1           1
          34          12           1           1          42          12           1           1           1           1           1           1           1           1
          35          12           1          19           9           1           1           1           1           1          29           1           1           1
          36          13           1           1           1           1           1           1           1          43          12          44           1           1           1
