#DESCRIPTORINDEX  COUNT  DESCRIPTOR
           1         958          32          10          22           9          22           0           8          38           0           0          14           0
           2          17          35          11          24          10          24           0          10          40           0           0          16           0
           3           4          18           6          12           5          12           0           4          19           0           0           7           0
           4          11          11           3           8           2           8           0           1          10           0           0           7           0
           5           9          14           4          10           3          10           0           2          14           0           0           8           0
           6           2          18           6          12           6          12           0           7          22           0           0           7           0
           7          10          26           8          18           7          18           0           6          30           0           0          12           0
           8          12           6           2           4           1           4           0           0           4           0           0           2           0
           9           8          17           5          12           4          12           0           3          18           0           0           9           0
          10           2          15           5          10           4          10           0           3          15           0           0           6           0
          11           5          24           8          16           7          16           0           6          27           0           0           9           0
          12          17           5           1           4           0           4           0           0           0           0           0           6           0
          13           3          12           4           8           3           8           0           2          11           0           0           5           0
          14           1          44          14          30          13          30           0          13          52           0           0          19           0
          15           9          20           6          14           5          14           0           4          22           0           0          10           0
          16           5           8           2           6           1           6           0           0           6           0           0           6           0
          17          20          29           9          20           8          20           0           7          34           0           0          13           0
          18          10          35          11          24          10          24           0           9          42           0           0          15           0
          19           4          31          10          21           9          21           0           8          36           0           0          13           0
          20           1          31          10          21           9          21           0           8          37           0           0          12           0
          21           1          50          16          34          15          34           0          14          62           0           0          20           0
          22           1          38          12          26          11          26           0          11          44           0           0          17           0
          23           1          24           8          16           7          16           0           6          26           0           0          10           0
          24           2          53          17          36          16          36           0          16          64           0           0          22           0
          25           8          23           7          16           6          16           0           5          26           0           0          11           0
          26           7          30          10          20           9          20           0           8          34           0           0          12           0
          27           3          30          10          20           9          20           0           8          35           0           0          11           0
          28           6          21           7          14           6          14           0           5          23           0           0           8           0
          29           3          16           5          11           4          11           0           3          17           0           0           7           0
          30           2          13           4           9           3           9           0           2          13           0           0           6           0
          31           3          41          13          28          12          28           0          12          48           0           0          18           0
          32           1          33          11          22          11          22           0          13          40           0           0          13           0
          33           6           9           3           6           2           6           0           1           7           0           0           4           0
          34           3          27           9          18           8          18           0           7          31           0           0          10           0
          35           1           2           0           2           0           0           1           0           0           0           0           0           0
          36           1          12           4           8           3           8           0           2          10           0           0           6           0
          37           2          28           9          19           8          19           0           7          33           0           0          11           0
          38           1           9           3           6           3           6           0           3          12           0           0           3           0
          39           1          38          12          26          10          27           0           8          43           1           0          18           0
          40           1          33          11          22          10          22           0          10          36           0           0          14           0
          41           1          50          16          34          15          34           0          15          60           0           0          21           0
          42           1          27           9          18           9          18           0          10          34           0           0          10           0
          43           1           7           2           5           1           5           0           0           5           0           0           4           0
          44           1          20           7          13           6          13           0           5          21           0           0           7           0
          45           1          59          19          40          18          40           0          18          72           0           0          24           0
