#GraphIndex  frameIndex  componentIndex
0 1 1
1 1 2
2 1 3
3 1 4
4 1 5
5 1 6
6 1 7
7 1 8
8 1 9
9 1 10
10 1 11
11 1 12
12 2 1
13 2 2
14 2 3
15 2 4
16 2 5
17 2 6
18 2 7
19 2 8
20 2 9
21 2 10
22 2 11
23 2 12
24 3 1
25 3 2
26 3 3
27 3 4
28 3 5
29 3 6
30 3 7
31 3 8
32 3 9
33 3 10
34 3 11
35 3 12
36 4 1
37 4 2
38 4 3
39 4 4
40 4 5
41 4 6
42 4 7
43 4 8
44 4 9
45 4 10
46 4 11
47 4 12
48 4 13
49 5 1
50 5 2
51 5 3
52 5 4
53 5 5
54 5 6
55 5 7
56 5 8
57 5 9
58 5 10
59 5 11
60 6 1
61 6 2
62 6 3
63 6 4
64 6 5
65 6 6
66 6 7
67 6 8
68 6 9
69 6 10
70 6 11
71 6 12
72 7 1
73 7 2
74 7 3
75 7 4
76 7 5
77 7 6
78 7 7
79 7 8
80 7 9
81 7 10
82 7 11
83 8 1
84 8 2
85 8 3
86 8 4
87 8 5
88 8 6
89 8 7
90 8 8
91 8 9
92 8 10
93 8 11
94 8 12
95 9 1
96 9 2
97 9 3
98 9 4
99 9 5
100 9 6
101 9 7
102 9 8
103 9 9
104 9 10
105 9 11
106 9 12
107 10 1
108 10 2
109 10 3
110 10 4
111 10 5
112 10 6
113 10 7
114 10 8
115 10 9
116 10 10
117 10 11
118 11 1
119 11 2
120 11 3
121 11 4
122 11 5
123 11 6
124 11 7
125 11 8
126 11 9
127 11 10
128 11 11
129 12 1
130 12 2
131 12 3
132 12 4
133 12 5
134 12 6
135 12 7
136 12 8
137 12 9
138 12 10
139 12 11
140 12 12
141 13 1
142 13 2
143 13 3
144 13 4
145 13 5
146 13 6
147 13 7
148 13 8
149 13 9
150 13 10
151 13 11
152 13 12
153 14 1
154 14 2
155 14 3
156 14 4
157 14 5
158 14 6
159 14 7
160 14 8
161 14 9
162 14 10
163 14 11
164 15 1
165 15 2
166 15 3
167 15 4
168 15 5
169 15 6
170 15 7
171 15 8
172 15 9
173 15 10
174 15 11
175 16 1
176 16 2
177 16 3
178 16 4
179 16 5
180 16 6
181 16 7
182 16 8
183 16 9
184 16 10
185 16 11
186 16 12
187 17 1
188 17 2
189 17 3
190 17 4
191 17 5
192 17 6
193 17 7
194 17 8
195 17 9
196 17 10
197 17 11
198 18 1
199 18 2
200 18 3
201 18 4
202 18 5
203 18 6
204 18 7
205 18 8
206 18 9
207 18 10
208 18 11
209 19 1
210 19 2
211 19 3
212 19 4
213 19 5
214 19 6
215 19 7
216 19 8
217 19 9
218 19 10
219 19 11
220 19 12
221 20 1
222 20 2
223 20 3
224 20 4
225 20 5
226 20 6
227 20 7
228 20 8
229 20 9
230 20 10
231 20 11
232 20 12
233 21 1
234 21 2
235 21 3
236 21 4
237 21 5
238 21 6
239 21 7
240 21 8
241 21 9
242 21 10
243 21 11
244 22 1
245 22 2
246 22 3
247 22 4
248 22 5
249 22 6
250 22 7
251 22 8
252 22 9
253 22 10
254 22 11
255 22 12
256 23 1
257 23 2
258 23 3
259 23 4
260 23 5
261 23 6
262 23 7
263 23 8
264 23 9
265 23 10
266 23 11
267 23 12
268 23 13
269 24 1
270 24 2
271 24 3
272 24 4
273 24 5
274 24 6
275 24 7
276 24 8
277 24 9
278 24 10
279 24 11
280 24 12
281 25 1
282 25 2
283 25 3
284 25 4
285 25 5
286 25 6
287 25 7
288 25 8
289 25 9
290 25 10
291 25 11
292 26 1
293 26 2
294 26 3
295 26 4
296 26 5
297 26 6
298 26 7
299 26 8
300 26 9
301 26 10
302 26 11
303 26 12
304 27 1
305 27 2
306 27 3
307 27 4
308 27 5
309 27 6
310 27 7
311 27 8
312 27 9
313 27 10
314 27 11
315 27 12
316 28 1
317 28 2
318 28 3
319 28 4
320 28 5
321 28 6
322 28 7
323 28 8
324 28 9
325 28 10
326 28 11
327 29 1
328 29 2
329 29 3
330 29 4
331 29 5
332 29 6
333 29 7
334 29 8
335 29 9
336 29 10
337 29 11
338 29 12
339 30 1
340 30 2
341 30 3
342 30 4
343 30 5
344 30 6
345 30 7
346 30 8
347 30 9
348 30 10
349 30 11
350 31 1
351 31 2
352 31 3
353 31 4
354 31 5
355 31 6
356 31 7
357 31 8
358 31 9
359 31 10
360 31 11
361 31 12
362 32 1
363 32 2
364 32 3
365 32 4
366 32 5
367 32 6
368 32 7
369 32 8
370 32 9
371 32 10
372 32 11
373 32 12
374 33 1
375 33 2
376 33 3
377 33 4
378 33 5
379 33 6
380 33 7
381 33 8
382 33 9
383 33 10
384 33 11
385 34 1
386 34 2
387 34 3
388 34 4
389 34 5
390 34 6
391 34 7
392 34 8
393 34 9
394 34 10
395 34 11
396 34 12
397 35 1
398 35 2
399 35 3
400 35 4
401 35 5
402 35 6
403 35 7
404 35 8
405 35 9
406 35 10
407 35 11
408 35 12
409 36 1
410 36 2
411 36 3
412 36 4
413 36 5
414 36 6
415 36 7
416 36 8
417 36 9
418 36 10
419 36 11
420 36 12
421 37 1
422 37 2
423 37 3
424 37 4
425 37 5
426 37 6
427 37 7
428 37 8
429 37 9
430 37 10
431 37 11
432 38 1
433 38 2
434 38 3
435 38 4
436 38 5
437 38 6
438 38 7
439 38 8
440 38 9
441 38 10
442 38 11
443 38 12
444 39 1
445 39 2
446 39 3
447 39 4
448 39 5
449 39 6
450 39 7
451 39 8
452 39 9
453 39 10
454 39 11
455 40 1
456 40 2
457 40 3
458 40 4
459 40 5
460 40 6
461 40 7
462 40 8
463 40 9
464 40 10
465 40 11
466 41 1
467 41 2
468 41 3
469 41 4
470 41 5
471 41 6
472 41 7
473 41 8
474 41 9
475 41 10
476 41 11
477 42 1
478 42 2
479 42 3
480 42 4
481 42 5
482 42 6
483 42 7
484 42 8
485 42 9
486 42 10
487 42 11
488 43 1
489 43 2
490 43 3
491 43 4
492 43 5
493 43 6
494 43 7
495 43 8
496 43 9
497 43 10
498 43 11
499 43 12
500 44 1
501 44 2
502 44 3
503 44 4
504 44 5
505 44 6
506 44 7
507 44 8
508 44 9
509 44 10
510 44 11
511 44 12
512 45 1
513 45 2
514 45 3
515 45 4
516 45 5
517 45 6
518 45 7
519 45 8
520 45 9
521 45 10
522 45 11
523 46 1
524 46 2
525 46 3
526 46 4
527 46 5
528 46 6
529 46 7
530 46 8
531 46 9
532 46 10
533 46 11
534 47 1
535 47 2
536 47 3
537 47 4
538 47 5
539 47 6
540 47 7
541 47 8
542 47 9
543 47 10
544 47 11
545 48 1
546 48 2
547 48 3
548 48 4
549 48 5
550 48 6
551 48 7
552 48 8
553 48 9
554 48 10
555 48 11
556 48 12
557 49 1
558 49 2
559 49 3
560 49 4
561 49 5
562 49 6
563 49 7
564 49 8
565 49 9
566 49 10
567 49 11
568 50 1
569 50 2
570 50 3
571 50 4
572 50 5
573 50 6
574 50 7
575 50 8
576 50 9
577 50 10
578 50 11
579 50 12
580 50 13
581 51 1
582 51 2
583 51 3
584 51 4
585 51 5
586 51 6
587 51 7
588 51 8
589 51 9
590 51 10
591 51 11
592 52 1
593 52 2
594 52 3
595 52 4
596 52 5
597 52 6
598 52 7
599 52 8
600 52 9
601 52 10
602 52 11
603 53 1
604 53 2
605 53 3
606 53 4
607 53 5
608 53 6
609 53 7
610 53 8
611 53 9
612 53 10
613 53 11
614 53 12
615 54 1
616 54 2
617 54 3
618 54 4
619 54 5
620 54 6
621 54 7
622 54 8
623 54 9
624 54 10
625 54 11
626 55 1
627 55 2
628 55 3
629 55 4
630 55 5
631 55 6
632 55 7
633 55 8
634 55 9
635 55 10
636 55 11
637 56 1
638 56 2
639 56 3
640 56 4
641 56 5
642 56 6
643 56 7
644 56 8
645 56 9
646 56 10
647 56 11
648 56 12
649 57 1
650 57 2
651 57 3
652 57 4
653 57 5
654 57 6
655 57 7
656 57 8
657 57 9
658 57 10
659 57 11
660 57 12
661 58 1
662 58 2
663 58 3
664 58 4
665 58 5
666 58 6
667 58 7
668 58 8
669 58 9
670 58 10
671 58 11
672 58 12
673 59 1
674 59 2
675 59 3
676 59 4
677 59 5
678 59 6
679 59 7
680 59 8
681 59 9
682 59 10
683 59 11
684 59 12
685 60 1
686 60 2
687 60 3
688 60 4
689 60 5
690 60 6
691 60 7
692 60 8
693 60 9
694 60 10
695 60 11
696 60 12
697 61 1
698 61 2
699 61 3
700 61 4
701 61 5
702 61 6
703 61 7
704 61 8
705 61 9
706 61 10
707 61 11
708 61 12
709 62 1
710 62 2
711 62 3
712 62 4
713 62 5
714 62 6
715 62 7
716 62 8
717 62 9
718 62 10
719 62 11
720 62 12
721 62 13
722 63 1
723 63 2
724 63 3
725 63 4
726 63 5
727 63 6
728 63 7
729 63 8
730 63 9
731 63 10
732 63 11
733 63 12
734 64 1
735 64 2
736 64 3
737 64 4
738 64 5
739 64 6
740 64 7
741 64 8
742 64 9
743 64 10
744 64 11
745 65 1
746 65 2
747 65 3
748 65 4
749 65 5
750 65 6
751 65 7
752 65 8
753 65 9
754 65 10
755 65 11
756 66 1
757 66 2
758 66 3
759 66 4
760 66 5
761 66 6
762 66 7
763 66 8
764 66 9
765 66 10
766 66 11
767 67 1
768 67 2
769 67 3
770 67 4
771 67 5
772 67 6
773 67 7
774 67 8
775 67 9
776 67 10
777 67 11
778 68 1
779 68 2
780 68 3
781 68 4
782 68 5
783 68 6
784 68 7
785 68 8
786 68 9
787 68 10
788 68 11
789 69 1
790 69 2
791 69 3
792 69 4
793 69 5
794 69 6
795 69 7
796 69 8
797 69 9
798 69 10
799 69 11
800 70 1
801 70 2
802 70 3
803 70 4
804 70 5
805 70 6
806 70 7
807 70 8
808 70 9
809 70 10
810 70 11
811 70 12
812 71 1
813 71 2
814 71 3
815 71 4
816 71 5
817 71 6
818 71 7
819 71 8
820 71 9
821 71 10
822 71 11
823 71 12
824 72 1
825 72 2
826 72 3
827 72 4
828 72 5
829 72 6
830 72 7
831 72 8
832 72 9
833 72 10
834 72 11
835 72 12
836 73 1
837 73 2
838 73 3
839 73 4
840 73 5
841 73 6
842 73 7
843 73 8
844 73 9
845 73 10
846 73 11
847 73 12
848 74 1
849 74 2
850 74 3
851 74 4
852 74 5
853 74 6
854 74 7
855 74 8
856 74 9
857 74 10
858 74 11
859 74 12
860 74 13
861 75 1
862 75 2
863 75 3
864 75 4
865 75 5
866 75 6
867 75 7
868 75 8
869 75 9
870 75 10
871 75 11
872 75 12
873 76 1
874 76 2
875 76 3
876 76 4
877 76 5
878 76 6
879 76 7
880 76 8
881 76 9
882 76 10
883 76 11
884 76 12
885 76 13
886 77 1
887 77 2
888 77 3
889 77 4
890 77 5
891 77 6
892 77 7
893 77 8
894 77 9
895 77 10
896 77 11
897 78 1
898 78 2
899 78 3
900 78 4
901 78 5
902 78 6
903 78 7
904 78 8
905 78 9
906 78 10
907 78 11
908 78 12
909 79 1
910 79 2
911 79 3
912 79 4
913 79 5
914 79 6
915 79 7
916 79 8
917 79 9
918 79 10
919 79 11
920 79 12
921 80 1
922 80 2
923 80 3
924 80 4
925 80 5
926 80 6
927 80 7
928 80 8
929 80 9
930 80 10
931 80 11
932 80 12
933 81 1
934 81 2
935 81 3
936 81 4
937 81 5
938 81 6
939 81 7
940 81 8
941 81 9
942 81 10
943 81 11
944 82 1
945 82 2
946 82 3
947 82 4
948 82 5
949 82 6
950 82 7
951 82 8
952 82 9
953 82 10
954 82 11
955 82 12
956 83 1
957 83 2
958 83 3
959 83 4
960 83 5
961 83 6
962 83 7
963 83 8
964 83 9
965 83 10
966 83 11
967 83 12
968 84 1
969 84 2
970 84 3
971 84 4
972 84 5
973 84 6
974 84 7
975 84 8
976 84 9
977 84 10
978 84 11
979 85 1
980 85 2
981 85 3
982 85 4
983 85 5
984 85 6
985 85 7
986 85 8
987 85 9
988 85 10
989 85 11
990 85 12
991 86 1
992 86 2
993 86 3
994 86 4
995 86 5
996 86 6
997 86 7
998 86 8
999 86 9
1000 86 10
1001 86 11
1002 86 12
1003 87 1
1004 87 2
1005 87 3
1006 87 4
1007 87 5
1008 87 6
1009 87 7
1010 87 8
1011 87 9
1012 87 10
1013 87 11
1014 88 1
1015 88 2
1016 88 3
1017 88 4
1018 88 5
1019 88 6
1020 88 7
1021 88 8
1022 88 9
1023 88 10
1024 88 11
1025 88 12
1026 89 1
1027 89 2
1028 89 3
1029 89 4
1030 89 5
1031 89 6
1032 89 7
1033 89 8
1034 89 9
1035 89 10
1036 89 11
1037 89 12
1038 90 1
1039 90 2
1040 90 3
1041 90 4
1042 90 5
1043 90 6
1044 90 7
1045 90 8
1046 90 9
1047 90 10
1048 90 11
1049 90 12
1050 91 1
1051 91 2
1052 91 3
1053 91 4
1054 91 5
1055 91 6
1056 91 7
1057 91 8
1058 91 9
1059 91 10
1060 91 11
1061 91 12
1062 91 13
1063 92 1
1064 92 2
1065 92 3
1066 92 4
1067 92 5
1068 92 6
1069 92 7
1070 92 8
1071 92 9
1072 92 10
1073 92 11
1074 93 1
1075 93 2
1076 93 3
1077 93 4
1078 93 5
1079 93 6
1080 93 7
1081 93 8
1082 93 9
1083 93 10
1084 93 11
1085 94 1
1086 94 2
1087 94 3
1088 94 4
1089 94 5
1090 94 6
1091 94 7
1092 94 8
1093 94 9
1094 94 10
1095 94 11
1096 95 1
1097 95 2
1098 95 3
1099 95 4
1100 95 5
1101 95 6
1102 95 7
1103 95 8
1104 95 9
1105 95 10
1106 95 11
1107 96 1
1108 96 2
1109 96 3
1110 96 4
1111 96 5
1112 96 6
1113 96 7
1114 96 8
1115 96 9
1116 96 10
1117 96 11
1118 96 12
1119 97 1
1120 97 2
1121 97 3
1122 97 4
1123 97 5
1124 97 6
1125 97 7
1126 97 8
1127 97 9
1128 97 10
1129 97 11
1130 97 12
1131 98 1
1132 98 2
1133 98 3
1134 98 4
1135 98 5
1136 98 6
1137 98 7
1138 98 8
1139 98 9
1140 98 10
1141 98 11
1142 98 12
1143 99 1
1144 99 2
1145 99 3
1146 99 4
1147 99 5
1148 99 6
1149 99 7
1150 99 8
1151 99 9
1152 99 10
1153 99 11
1154 99 12
1155 100 1
1156 100 2
1157 100 3
1158 100 4
1159 100 5
1160 100 6
1161 100 7
1162 100 8
1163 100 9
1164 100 10
1165 100 11
1166 100 12
