-4.25971319 -3.95160354 -1.78900256
7.36369968 23.00740847 9.85420833
2.05394951 21.30497934 -12.07444068
-7.23369518 -7.63895293 1.95597343
17.98132227 -16.21007542 -1.30805722
-1.38164103 -16.63115985 -5.53612044
-2.05542456 -2.49476836 -5.49778768
-1.72384834 -3.90917844 -33.38084673
-0.15710981 0.98407514 -6.35462341
-7.58394632 -1.58561706 -0.89068086
-31.86416092 29.77395876 22.49992502
-12.35249056 33.22845119 -0.86611180
-12.19724778 -0.76556037 2.15272952
21.27884376 -11.60483026 -16.68475358
-22.30936628 -14.11135043 16.71629122
2.63001539 -8.58600658 3.15355327
-32.70752845 -14.99089742 -26.92060817
-8.40257135 -4.56829786 -11.80765819
10.23570142 0.72041494 4.34275410
13.82531052 3.38678437 13.07726216
-28.37677242 -29.59588339 -22.48863429
-6.28371481 -6.26106954 3.50210216
-7.94830896 -19.00031456 27.92740401
-10.51317589 -5.63934141 -31.12286516
1.65582547 3.31842217 0.46452560
28.33023540 4.02867515 19.61938547
-2.47560680 16.34659919 16.20643909
20.06277366 12.59932385 29.94944905
-1.09128414 -18.22387990 -4.40072977
22.69765981 -16.52998710 -18.48999933
74.45617359 -21.76383016 15.20013881
-2.27981699 0.09834276 -5.83608328
3.32389348 -2.78343794 0.54040852
7.94189704 18.47006760 1.04443597
29.30659032 3.14807342 13.83357728
1.34642285 -10.64537632 4.99539328
33.12731364 -25.64699123 44.60305184
15.55933274 10.29266125 3.61287427
-2.15872507 -4.82563626 11.86162816
-5.44781202 -1.16394860 -20.23022876
15.83312615 -34.31198491 -6.05492400
8.68564113 9.31051355 10.15605104
0.89440981 14.00579459 11.68749963
9.66665486 -27.52840958 -12.16539383
2.97336073 -5.28773282 -12.92452161
-6.61935803 11.37927343 8.51714605
15.98970044 7.89181191 -25.54670791
4.21529776 4.29304797 -6.98018630
28.11432656 51.57661358 -0.98384741
-1.77227785 -12.04002765 -10.89262418
-0.04029516 3.60006060 2.30879550
-3.87011215 4.44655644 1.01928459
-30.13087065 17.57113554 26.09796760
9.28540848 5.01672845 -2.99580590
2.32955628 41.36005781 24.14107864
-0.83211238 5.91997732 -3.20796095
3.00018173 -4.22443111 6.46044092
20.91326663 7.52200726 10.49507276
-12.56946134 9.22794029 -36.12405407
-4.16541021 -17.73467699 15.71599661
6.93474444 0.05466748 -1.04164853
12.51257517 12.88211313 -6.34361714
-3.74588949 -27.48693452 -11.85896830
-28.71749118 19.78438458 20.30626650
-7.17370582 0.87269853 -8.42603358
-16.50090552 26.65232416 -0.46481410
5.51684416 39.25915320 9.14002057
13.21779650 -3.58045881 7.28441726
10.69640899 34.34581295 -53.16765761
-21.73195357 -6.57327542 -11.67765572
5.66596808 -10.07315294 -12.33263552
9.40430866 15.81590163 -13.36680223
-20.84034919 10.40615511 33.29537898
-5.88542388 -11.60779149 -9.47903949
3.69775683 30.71184747 11.17838775
-9.11745989 -37.55219906 -9.96998554
-0.55997404 -1.34908468 -1.26783054
30.16777478 12.18731908 0.01391203
5.99159757 -22.04347386 9.35952700
6.09037874 3.49435075 10.54146671
27.65894023 25.63735733 1.54822841
39.66019525 22.80373298 14.20020341
-1.58561876 1.74456446 -5.80935033
-15.85796708 18.26852442 2.92688658
15.11914761 1.83210585 -21.71975312
-4.21194912 13.42291202 0.21378572
9.97900066 -9.70694911 -35.46934342
-7.74607892 31.55552530 -12.16788726
8.23395296 2.85277043 4.35019155
19.19831356 -3.62855593 -1.63689144
11.00108576 20.46830264 37.74897146
21.12306509 -1.20977005 9.92015122
4.34099522 13.21386180 -6.84626208
13.30691047 6.03549269 14.01774420
-0.90140028 -5.47828643 -3.35157871
-0.24712210 0.30905567 -3.19098253
-5.13815560 2.07409963 0.53769188
8.66103982 4.32992782 3.18837256
15.07533598 22.58108113 -21.66518555
-8.87665404 1.52667614 -9.32240733
-2.05207182 -1.18833762 -11.32187291
-6.11294493 14.90746266 2.92851810
8.97882349 -0.74203880 -14.20982458
27.52247204 25.14532802 -20.00484877
-18.17079822 -20.57132683 -22.00287576
-0.23115863 -5.34836088 -1.21250957
20.19934848 -1.54202998 17.41008996
-9.63668354 4.42460846 22.95185114
-0.89390313 2.67633733 -3.28433187
35.81961842 -2.26653111 16.37578055
-6.20407750 -15.90999009 11.76267508
-2.27995574 7.34031487 3.68669483
43.78606816 7.69173330 27.68276771
10.01322758 -1.48870852 26.52511204
-6.33012660 3.00332848 0.75346188
-5.25562604 -7.78818680 13.49789346
-9.34505015 -20.06700015 3.35404403
2.25904553 -1.49525753 9.74853595
8.43183262 -9.99683948 -23.40757248
26.94383152 20.60262305 -3.10463524
4.97654716 -3.44177582 -5.63785204
26.75706386 27.34627393 -7.76051745
22.20144931 -2.57021514 10.35663217
9.42493241 16.02280100 12.06661635
6.24647670 7.80443817 -7.41032911
14.98607764 -21.29542820 6.27372940
23.20039647 3.29014590 14.82800438
-12.36875607 -22.42649480 -8.04388291
-6.82269074 -1.12548639 -3.12132019
10.84758932 18.96091134 -7.29654329
-11.38059090 -8.01364253 1.47391297
-6.70122136 2.79747271 -8.59218790
16.93167794 11.80385449 -17.00745853
16.80033715 10.97413496 -3.00850045
-1.31645319 2.77641602 3.68573071
-17.10597190 5.70707802 -1.01897280
-18.03221934 -1.44190968 -31.14601749
-4.98580932 -6.85682809 8.66881744
4.46811152 8.43448708 -55.35444553
-3.77059930 -8.43281337 21.06938196
3.07720078 1.14921939 -3.58539977
8.96794533 -29.08864447 12.20901078
-3.40093114 -33.21819417 21.49102173
7.65902793 3.28372296 -5.73181643
10.23231968 24.78421681 27.94784423
-16.09867292 -13.91038914 3.96137757
-2.73608934 -0.55392423 -1.79080200
-22.53753469 -11.02153414 -27.65732375
19.84755342 6.73393195 -16.88374111
-1.14323837 0.77792975 10.90424685
-5.28013832 10.04096883 -3.18933572
20.53266899 -22.62552739 25.63972549
11.05056462 -5.17519669 1.61333968
0.39513637 -12.62336620 -18.71660849
12.98099846 33.16379460 -3.44027135
3.26635232 -22.40059198 16.62170399
-5.01709426 21.16831816 11.31144415
-27.66170732 -12.92634959 -24.68947411
-2.34074355 16.47996210 0.78039640
-8.24404279 -36.44204701 18.88916274
-11.28708341 -5.79273946 3.70780096
-2.47100030 5.28529646 -27.74135826
27.41281121 -14.88903045 34.09510360
3.65045109 12.97696622 3.71506114
6.40775509 3.02147844 -2.37449379
10.72620480 -22.42451051 -1.91734446
5.34562145 -8.64542497 6.38962250
14.10932552 -27.39588697 8.34853138
-40.80454221 -21.86529209 20.08793438
2.62681102 0.87939322 4.75761225
0.51080453 1.77869126 24.50893537
21.13864047 -17.21297644 26.81419728
-1.75693388 8.14901342 -2.54238928
36.94150117 -24.44506432 6.14382575
10.04919580 -1.89175570 8.71596310
-1.30958087 -5.02800064 3.47468156
17.15122980 -25.90297409 19.87840082
-10.96175702 -16.72148360 39.31299615
-9.91330044 0.82936423 11.81679766
-10.58860364 26.77824351 12.94406402
34.72073048 19.32691249 -29.62090004
-6.33267645 -0.46900313 2.54122844
-38.05989732 18.92861453 -12.34782829
53.81212056 -2.47439487 -7.83189794
3.93247932 -3.42323351 -9.99622787
20.78476570 -12.35052454 -0.23871339
-6.63890787 -25.28103346 1.51484864
-11.35026423 -1.52797172 4.44492979
15.18993925 -8.18199120 1.28865910
16.53976316 8.37226577 -0.52065281
-32.13826134 34.56474933 64.21452375
-7.63759551 -1.36182338 30.47920462
-3.77272421 2.12853562 7.97790468
-22.32011847 -3.51262784 5.86586168
5.43826444 -5.19359083 -2.73441975
11.56530647 -5.09495371 -5.06483933
-4.44740628 8.40099790 4.20578435
38.86046878 18.39804007 -23.39282860
11.75859302 -6.38216263 8.99897199
-31.71010350 15.18486456 -24.39414920
19.97886568 -16.24156867 -41.33185768
3.03587078 3.51455925 -6.31530136
0.07940958 -26.88321936 -13.81652283
18.98138389 -11.12814545 5.00935106
-2.65808593 0.81549721 3.67329141
-9.30344384 -5.16787374 -44.76594254
-22.35410228 8.93911239 23.06029811
-6.69569050 -0.65015431 -6.29259638
17.06164454 -31.67240250 3.00757983
-35.89159228 7.31030551 -32.88216647
0.60523042 7.59015111 -4.98147999
-4.21248531 -4.46628974 -3.73769203
15.84154246 1.11493799 5.79895907
8.14999279 8.31998593 2.47130724
-24.01432118 4.93530054 8.24509599
13.72925238 2.16890092 -19.94038043
-13.54648099 -2.21989000 1.01727405
57.68747603 -15.96304820 -17.43700154
23.04277551 -42.58646285 20.69558667
19.38759318 15.03645982 1.96824579
-13.07412166 0.46537559 -3.12187862
-6.03314453 -24.23372600 -7.77803712
-33.50385797 2.20414829 24.91745052
22.29250896 1.71800492 -28.80289394
6.84151395 -5.78614201 1.13608746
40.10488139 13.28814691 47.06664334
22.44873107 -0.58901474 -28.99221615
-9.50081562 -10.15758478 -5.39656299
-9.10593175 34.69117991 -13.25605725
3.98737297 -7.46737726 -51.42104578
10.00826967 -8.41898592 6.03621998
38.73447876 -35.45145067 37.99882473
23.62882164 -0.37991161 19.62995461
-6.40978208 0.70261442 7.89103080
-22.17409882 -15.05259986 0.20525437
-24.16628705 25.85898089 -15.40832950
-4.91508469 -11.33649106 5.42563866
-26.84116607 -26.19961266 -1.01640013
-6.16101889 -9.89193631 -8.06659811
-1.61176337 1.97915860 -7.42766368
-38.86223425 25.13126266 -10.33627148
-6.08125292 -14.16136237 3.14298199
-0.73543277 8.94107148 6.71615944
8.07302728 56.09472434 -21.66448011
27.84637558 40.75479149 -25.15019164
2.59161529 1.21709006 -8.42253036
-7.06606694 15.81015778 30.10957313
-8.45897024 -21.87572204 -31.00934389
0.19689902 0.17843666 -0.13828086
7.24464377 -36.90127055 11.74342929
41.50402266 -16.16321012 14.07180446
25.45402608 -35.36506683 13.18515300
-7.02883926 11.83810742 -2.29414723
-36.41756537 -1.68946840 25.45425011
26.11101767 -4.71954489 39.00222092
36.32104939 -7.81279803 4.11198478
-5.84132750 -5.03439366 -4.65855455
4.58728812 13.68188029 -22.06843439
12.51216545 -3.63770424 -2.01372652
-5.80764009 5.23183813 12.90110701
-9.61011770 97.47480746 -8.96159181
-13.20841761 6.31181453 22.94328975
4.64697141 4.76230778 -8.97893954
10.63540500 -27.83714072 -20.18253148
-9.02609747 54.83565477 5.07085724
-3.52202877 -7.39621825 3.45429340
-25.69511554 14.15687075 -13.08123675
12.27338744 53.14169173 21.98115334
8.72268540 -4.55167522 9.68153360
-10.69772452 -12.68390263 9.99535961
-13.27551940 -17.27488759 -14.69647990
4.71224601 -2.03291339 -4.88390462
4.96141932 -2.89621861 -29.46332224
26.56338954 -5.33933142 -51.16412195
-14.24988659 4.56214882 -0.92992207
-30.27061717 -1.60904921 -13.88476863
12.75664091 1.65555771 -13.20699047
-9.60145301 -2.56484933 -9.99676561
-34.69820594 10.59273284 -11.20710654
42.01555646 -15.41472996 14.73976218
-8.38103600 0.82817929 -0.26323666
-41.35816269 -8.77273048 -28.23812860
20.70878678 -20.31347216 -12.04468673
-24.81913626 29.28297926 10.55069570
-7.16636321 0.88474881 -0.40654713
34.34787407 34.05420125 -3.17259249
38.03092468 -5.26533737 -13.58546927
-23.11067055 30.00164288 -70.75985759
1.44559998 7.91050904 -3.98424799
45.43371148 4.38645354 -28.88369419
7.93564193 12.14901585 8.95472154
-15.87664269 -4.09199190 -0.84018907
-15.29497554 15.56825388 -15.16522443
-26.63231518 -9.22748825 18.54475541
-7.22708495 -1.98390394 -1.41109588
24.74769165 15.13784131 3.91439251
26.80774740 6.78917521 -2.91007617
-6.86262864 10.39423361 3.91438433
13.45218154 10.46917720 -4.19533904
21.88884377 11.77405932 2.29059304
4.24808326 -5.51214658 12.63313671
-40.55177637 -10.53097403 -19.80063834
-2.50476561 -21.92148043 16.05982435
-7.79151405 -3.90693691 6.27738750
-9.69462701 2.44971889 -0.01274474
-27.38900258 -7.64471200 -20.55754687
8.90662924 -4.86756759 0.27480775
-21.61182836 -15.92932197 -36.68545028
11.47997959 71.00521256 0.59877826
1.59808115 -9.05165467 0.85826258
-22.09274659 -18.68415542 19.75134854
-12.39837120 15.28459146 -26.80271612
2.53617763 16.33772318 -14.15374017
11.80000925 -24.60191781 8.14743093
4.78963732 -9.47911278 -15.71114584
-29.96502523 31.33675204 29.61734870
3.69266785 -6.00124499 -8.30513004
-20.69477784 6.61660879 -25.60045300
-2.93411601 -18.34623398 -3.58643086
10.36818620 -25.18017030 -5.02509031
-7.54950428 -6.33717744 -2.84921064
23.59517914 23.03207877 3.69152873
-17.92998161 -0.05253555 -27.30640979
-9.11563372 5.09152197 3.09695130
-5.24249855 0.64431028 -23.73631385
12.47917698 22.80264601 -4.61828556
-4.00962406 5.49765185 2.35201458
-2.25284066 21.50375036 -15.25865433
21.67277834 -25.26248562 22.55803294
-1.85914244 11.01924348 2.32439681
6.12694724 30.75229279 30.76482238
-28.51835178 15.09437389 3.55078560
-4.09770165 -2.30488395 12.24107405
-16.23334188 10.80633359 16.73757041
10.92488705 -47.30599710 10.77003803
0.51710351 -10.63123421 -2.58233857
20.03872149 -6.46416876 6.35805865
-1.53266821 4.15332432 -25.32048773
5.47044995 -2.31709502 -7.21743169
24.56987710 -29.60122321 24.15031775
-38.38933242 -11.39579381 -13.17648041
0.80200774 -1.01294437 3.26347068
-0.64551476 5.52808807 -9.19404088
-32.17255474 -9.94675451 -6.24668660
12.26687975 4.42814954 -1.07542839
14.12100699 -24.34152324 -4.04427829
38.60564323 29.98331495 34.30285960
23.80130232 -24.61049655 -8.29713126
-6.06312665 3.40850799 10.66981080
-13.78192676 -9.75328903 0.05809189
-14.13771492 32.50794278 -12.81808825
-17.22596640 -30.38907255 -6.21958220
