4.73017214 5.55386347 -2.10726297
5.62897910 -2.39903050 9.46272141
-21.43747989 18.54254818 11.18465703
-3.49651647 -8.56760732 -1.59937587
33.27098482 -13.46497625 4.64368067
19.60850735 -24.64116622 2.71591714
-6.81220931 -2.44993634 -1.03730862
1.00597105 -7.30292307 -9.47468522
25.31513740 0.05765521 -14.76108215
3.04415882 -1.49533320 2.73999381
-26.37900388 26.86846032 -33.67361971
5.79814307 24.55458466 -1.26507130
1.77722815 2.12391654 -5.96119705
12.53391804 28.64324367 -5.83988704
-5.47806328 19.65373109 -14.67090799
-0.43860157 5.01103385 -5.12062884
-10.70365428 -23.57177810 6.80508124
-48.11070823 16.50651037 -29.18606603
-1.76334500 2.43548115 -5.99227868
-22.37447726 -5.96653221 -22.61731093
30.17040700 -13.39968291 2.24967374
-2.28888198 -4.64226157 16.48308733
-3.82171130 14.69404647 34.69760924
-45.00054895 -18.86515388 13.07738042
1.61685563 1.17285353 -10.72955563
-13.38311051 9.36334573 -24.65110594
-15.86397969 -25.57689421 0.37132775
13.10911595 15.65653867 -16.33026344
2.52564431 -16.30984196 -4.26081162
-19.78201552 5.66415031 -1.06955621
-5.09056949 18.08548484 -41.84700325
30.25421160 27.63938211 -13.64878224
-2.16801440 -10.19046181 1.50233759
24.49297687 44.88543084 15.18564145
11.07095092 0.01448461 -2.90262865
11.43463911 1.75794423 12.60664205
-11.91254585 54.23437972 -16.38338045
41.78071684 -6.29783377 0.95752113
11.55891238 -6.77412284 -10.73155425
18.75916119 -46.99584191 -43.05385680
-54.39637889 35.86697754 -14.11783794
-13.25974133 -6.58045761 -3.01544440
-30.64736761 -13.29862483 -37.35811538
1.11893557 12.78322530 -55.28020802
7.11960551 -3.67504717 -4.59728898
27.99297681 51.66328878 -4.64450847
-45.33753304 -28.26553256 -22.07544234
0.64082720 11.92657052 -4.26905205
11.81553262 42.13216703 32.96466320
-20.15070148 58.29032592 10.58015732
-9.82717343 -0.39445396 11.11359657
-50.69477558 -41.13344873 9.00784708
-4.64266653 -0.72734197 37.67968595
-0.32708860 -4.71151558 2.38101936
-5.93552731 10.28149877 -22.31969085
-9.02108831 -4.57339570 20.16673744
-13.83354803 4.09005029 18.74249552
-8.20445804 16.56840857 6.32609874
-10.67585685 -14.22431668 -21.88978065
-1.08131100 21.51290178 -82.20192068
-10.43723960 -8.91223290 -5.16966618
-19.16063210 8.47042788 14.19405596
-39.20661648 27.85550318 -24.23518740
17.56127970 22.42701367 -14.66093980
8.32638321 -3.51931679 -1.25535275
5.25950922 4.20216190 -4.10104061
23.13220133 22.68884670 -28.79660198
-2.27545188 -6.77281392 -0.55423549
21.81902412 -43.82962446 9.36686722
6.53015237 14.73332547 3.54390903
6.76442075 -0.01714056 0.38932553
-18.38885344 7.80783842 -32.60070540
11.80139772 21.16457430 16.90037563
-5.93560609 7.90022080 3.18166670
2.96058587 -0.07000711 22.53739918
-38.92679242 -13.48307070 -2.32217826
-14.64874657 0.77572132 5.66823319
30.03646518 2.94377558 44.55638048
-20.78537056 -33.86479729 26.40536522
11.72766894 2.08816678 -2.04265390
-43.22483055 5.92748480 8.69095729
6.14770971 -0.95336955 6.84102733
2.80913869 0.08316295 2.53459539
-23.60508678 21.47804581 29.91586864
30.45877970 -19.99851931 12.28305273
-5.07562703 3.24081013 1.42864109
-19.67920952 8.87567296 -9.28065741
-5.49261540 2.27075105 -10.17275840
4.43365927 9.09292276 -2.63960675
-2.96021247 -9.52117961 -21.23221046
5.27846121 2.01573003 -19.92253610
-15.54237579 32.91460120 16.70741735
4.45215610 7.85062796 -4.67143033
-11.51007971 19.71421556 2.51383458
36.40804151 29.27782649 -32.19509357
23.20654173 27.40844964 0.14278095
-5.52194840 9.59299548 -3.09461242
-30.99010736 35.60319013 -2.75279829
-17.78741828 44.06559278 -6.14604427
4.76267182 -3.19818039 -6.73787417
21.83059881 -38.06684260 -3.61659491
-51.51342800 30.16421955 15.69649681
7.48062299 -0.47528955 1.11981707
20.01706252 -3.91438589 -8.99544874
-33.72534105 -44.37252788 9.38722378
-11.36457983 -4.24162687 -0.23939563
-13.52078585 -3.89793942 1.93138273
16.66518363 -40.88640618 8.31367941
-4.28544584 -1.79840598 -2.76981620
0.22632679 -45.45443128 26.29459924
-8.63543871 -12.45948532 -17.50606739
-5.09847410 -1.50343040 -0.69726988
2.59306171 20.39853490 -24.31427270
7.44900039 22.05955384 -13.61458842
-6.95625405 1.14963589 8.31288109
-31.58213565 -2.65549613 -23.77856797
-3.09102090 -14.84231695 6.73352722
-2.64117373 -2.51738381 12.04412970
-12.27888197 -6.67527209 9.40985373
-2.50031323 -2.11865919 23.38131088
0.64019784 -1.02699252 3.97393958
-5.54900048 -10.59227577 8.85963698
19.43396272 -12.84299355 -35.42106934
6.87986982 24.34751190 18.42513911
-6.76148082 2.92100179 -2.14235507
27.56235750 29.45420729 -23.21195300
11.43494046 -1.46277182 -4.94092677
-15.09263450 -3.76720271 36.19566219
-2.23298471 -3.69563894 9.04735922
5.08121661 -18.42218251 -41.69517179
13.77607853 20.02574089 -0.67714891
2.61251457 -2.89737414 8.15440782
-28.58432744 10.31663182 -3.19717274
-20.56041730 6.40820646 -42.38965086
-0.93491278 0.39501251 3.09170001
16.23528676 -30.56613135 5.78729549
-17.50858168 4.55700889 17.42611527
6.44388650 7.02445974 1.11814517
-21.19601654 13.44065069 -6.72417388
5.46157896 -3.97337802 20.46637042
2.33908089 3.54549787 7.64930839
9.07782282 9.75347863 41.94514225
-20.74802807 18.13025891 -42.30352626
10.78919822 5.85151771 11.92802759
12.71600601 29.09322277 19.10230402
10.66244339 36.57978298 -35.60105596
-13.26288575 1.66051368 -8.98702387
-0.65062819 18.09440128 21.26944510
19.50440330 22.06630008 -31.96276687
0.25160301 -2.98594077 2.05452023
8.64867385 -2.09470350 -11.68669033
-68.24678817 -35.76991422 -3.96691985
5.88462245 4.09432808 13.25624296
-16.50742777 -37.33838426 -9.75249182
27.62158843 -25.67823481 -9.48484401
-10.59522546 10.35621618 30.44194020
1.87288129 -9.84098559 -4.32044433
-7.55292661 -22.34796597 -4.38991098
-33.35861731 24.30118441 7.37978898
-17.40060574 -38.60442702 -19.58106191
-4.47972621 -12.36235647 -14.53696531
1.01825103 -15.28405730 -9.76862499
22.23160675 -48.27643305 37.70076400
2.64611019 -5.82360285 -0.70286377
6.87635948 25.08719960 -0.26499137
-1.28148835 1.56372273 15.11393149
8.95334235 -4.64323344 -1.88180483
-21.14802238 11.35531644 6.64407572
16.35581658 -18.93949779 2.38918749
12.30038103 4.16130023 5.01634584
0.68599454 26.69418360 -34.85556288
-11.57593501 -8.42033920 -48.87154968
6.74771512 -2.75062872 7.49710718
26.21417671 21.41015712 4.21541391
7.70798149 -0.50127529 12.04799703
6.44861691 7.48121106 -4.49445284
-4.97709350 42.47283280 24.05394285
16.33114534 -21.12555021 -9.88572164
-3.37945384 -5.49328179 2.70945852
-3.61440216 2.43473186 0.74246418
-42.03674314 36.25852199 -8.97664909
1.03351937 -16.39591982 -3.54768575
3.80307340 -16.73515372 24.57903660
-35.93792805 -2.32006184 13.16430727
12.86255944 -8.55395340 1.00873032
38.40190322 -6.00128978 -0.08880767
-24.61153617 24.83277903 30.45342549
3.73228614 -9.47664057 -25.93422574
1.53012853 5.73865570 11.21912905
16.72457587 -29.32299834 -70.66406784
-18.76420002 40.26191110 25.71421271
15.86692350 -22.18509647 -26.58316850
-0.69836798 -12.59893944 -2.16145981
-36.34229932 19.14115349 5.29622544
18.73926766 1.98002223 16.98590329
-1.09693134 1.27456653 -4.30494984
-22.08343804 -19.33742485 0.12867093
-36.28846159 -24.24115518 5.22335427
-3.95930527 9.32408440 4.02220837
1.43172525 3.95334707 10.30824832
-9.82277301 7.33905747 -31.39901127
-10.04821776 -17.61032015 2.39374650
-1.29547808 -4.67029395 -25.05261738
-11.02100026 -36.36357648 -17.33885631
2.63576098 0.30544129 -1.28561107
23.11162810 24.37486431 -27.05726216
-18.14048612 21.58961232 -0.84532110
-8.24668840 9.30659418 -5.82271217
24.47408874 7.86921920 8.30128538
-26.25110132 -8.96548410 -15.40449932
-0.15448491 4.61316334 0.37311465
-0.75510920 24.62872157 -32.32502432
2.31546006 30.88744231 23.29697929
-4.94514766 8.85064433 -2.10277654
-7.39022642 8.98057715 1.60070710
-8.32775465 -8.53592396 -5.90116015
-2.52599570 13.66202862 1.89134725
20.04559498 8.32013961 4.35264257
10.53810710 22.56426696 -30.67387462
-1.35456581 -17.41212596 -8.78686292
-0.35753766 -0.29673087 3.84877468
15.60949350 -8.20529948 21.29490159
-12.40244020 -11.66389800 -49.99420918
25.39479077 15.86150581 -1.32809653
4.21705063 -3.64420598 -0.72898525
30.83321952 23.29595497 9.87266741
12.45825053 2.11836951 -43.25596684
2.02164954 4.51975100 6.34479935
16.46813111 0.99591021 10.19058701
7.19315505 23.16118400 -10.02920387
-13.36443945 0.02792757 4.83845231
8.72024863 -7.61668995 -1.56956691
-31.31374983 -7.28728137 -2.23407200
0.44704058 1.31843794 -3.36536559
19.64366706 -14.47401753 17.56076188
-13.93268435 -17.40135045 -4.72822451
3.34482973 1.69643736 4.16448549
-7.42702950 7.64740870 24.15593927
26.88501530 20.66072937 -25.52333282
-9.08423705 -1.55573200 2.43204540
10.05258995 -3.66675378 -67.96029540
39.91321313 21.65677544 -5.25824650
10.75239984 -4.34411764 -4.73506967
11.07850329 -5.56300682 22.50325237
0.81473079 24.51391453 7.84911243
1.54027333 4.96051232 -6.79992984
28.31507233 22.62494837 -10.42707906
22.07950485 0.77695079 10.38199040
-0.07016699 -3.35999784 -0.25060821
-20.10960868 -13.26072471 -11.32288046
-3.70469839 -18.67588334 -3.56575417
10.04747488 6.30651694 -11.59632572
-0.86213966 -4.92988333 -0.15501543
-3.04794655 23.32653633 3.32176920
-2.37915618 -0.63054194 -17.31521963
-7.34933236 1.74089016 -15.56383308
12.14766890 -15.05969970 -4.46814787
42.21182022 23.21570043 -40.34041637
-13.71981533 -0.99665355 -13.79232980
-10.52165859 0.29319386 -3.42116083
-10.97597249 7.56251505 2.16883159
-37.34304079 -10.76264323 16.58640276
-10.87892497 14.21391996 -2.48869871
10.38577330 -6.36185444 -24.36546343
51.28910523 -9.77354349 -29.40757163
5.10243844 -11.07302935 -3.02210009
-9.00474643 -13.86128002 -0.10864253
-69.44987796 16.86541411 10.11544099
2.51693966 -5.42724525 4.29219217
12.84644507 -6.08003355 11.17426923
-19.93850820 -32.82221044 24.45297822
12.97291633 1.64633229 1.05109488
53.73521819 1.53664939 -16.11830885
-24.47506508 -7.91758977 3.34612630
-3.94990568 -9.08645596 3.85746285
-3.41177317 6.23542255 -31.26401351
-11.92711960 1.28549087 -14.64632662
2.20863429 -4.91813121 5.85696483
6.61279889 9.92009678 -17.47894512
9.11816826 -30.86845825 22.41650659
1.84608669 -20.04565005 -9.60132674
13.59633095 5.89353967 -26.18821751
-21.02099586 -22.23896118 29.46342812
-7.23609013 14.49809103 -26.20278197
0.50252819 9.61474374 1.27785817
19.10244105 3.44684402 3.47939705
10.13674401 -46.13711415 -5.36156912
10.92200788 -12.20107925 -3.50016073
7.72038759 -5.02443910 2.51967996
-28.25220943 -13.43898500 -20.04225969
38.84285620 11.71634889 -13.82358127
3.25894279 -6.70955609 7.55250576
-10.72280671 -32.37243127 -3.72806981
34.15330296 14.61316763 10.48214471
-3.81761743 11.90924446 -4.19565833
-9.89380168 48.82451277 -34.28621854
-10.76426349 8.43951026 -0.79529746
0.01672167 3.78238825 -7.30717015
3.59256370 -3.28382586 -16.10591790
-13.55810988 -9.13922510 27.68691438
-0.37185807 -0.45216661 3.67126894
9.48754665 13.39996557 -0.21431414
4.61586568 -28.49488527 -5.32547544
-8.41131713 3.41650908 -0.93075859
-18.76305036 19.31620268 -1.43483786
-14.24105673 16.77976914 12.27900970
8.02247658 -3.64041059 -4.62044101
-1.65009043 3.08373652 40.86160741
2.61184104 10.83157528 30.87375207
1.47086990 4.76295400 1.40616637
-4.08830505 50.50852600 9.21291235
8.14646028 14.26989436 27.32434751
-9.03116543 3.76223706 6.80489743
-27.84075498 -5.11320592 -8.30080449
-19.97540041 21.18421883 2.03315768
-36.11807958 -7.65149589 13.66831849
4.30331343 4.87529832 -12.04567435
3.59113662 30.18474615 29.23231153
-10.31189027 -9.51111595 -5.93022280
17.22675161 4.95402175 22.48760596
11.13559451 -0.40793450 14.37876241
6.53941277 22.02449297 23.19773451
16.14791069 8.24242195 17.57005478
-1.41121532 5.68942043 -5.41537808
-6.96504209 20.03897491 19.77879763
-27.71738884 -15.32602732 -26.91132643
5.82988341 5.24186370 12.15795890
17.70738226 -25.30508208 3.96608224
3.82731595 -11.63533318 -8.81853958
-2.22983604 5.57675698 4.37911903
25.18453012 -3.26619907 -16.84524405
17.91475309 -25.76725405 -22.86524290
5.10389895 -5.21069758 -11.11419007
-20.86146247 -19.49213295 10.20541414
10.07451329 -24.55393530 -12.29809881
-4.91683367 12.26847991 -1.40933141
-28.37301721 14.36165150 24.04203607
22.73951430 -26.57895712 -12.68666016
0.99255871 -1.43026429 2.95234817
-5.60584179 -30.97800707 20.98930652
2.28350504 -3.25600242 -24.69946517
4.25438162 10.76615854 -1.82893194
1.60980656 8.45692470 -8.74635026
15.21759174 3.68189517 -19.56221386
3.87485629 -8.04817161 7.75064001
19.43569468 -8.61130976 19.22303664
22.38944373 -25.17761632 1.95465841
12.76773666 -11.54925101 -14.92749221
-4.13082566 0.43958763 2.46384862
4.23165758 5.05693835 -5.52345757
0.03355715 -3.88506023 -32.61341140
22.44111920 22.85927963 4.96721833
