-2.79020798 -15.84110209 1.60250321
33.78735554 23.66429205 34.28271063
22.74998703 3.66543577 17.59522554
0.01233521 -3.15976970 3.61238795
-3.41388244 -19.79957093 10.06872150
2.48186917 -42.38901261 16.56221841
-0.31068435 5.08726605 -10.35560213
-6.59726518 -17.60060138 7.00053868
8.20197790 13.98536956 -11.59784150
1.62200141 -4.90275744 3.73483491
23.99264810 5.54114814 23.51661824
12.65142720 1.59052576 -4.65784294
-2.87736685 -4.06727777 2.77805946
-13.08351794 14.32718752 -8.55333463
-29.04413143 2.95973878 -13.34886591
-3.04863377 6.39108311 -3.75366599
-16.40605589 -58.82130842 -14.38356978
-8.48740808 -21.28865962 -5.51199487
4.60009831 6.68507253 -9.17319015
-13.72813873 17.93635723 -11.45602399
36.96568044 -0.13452901 0.72359647
-1.96800392 1.46544774 3.95973223
7.23006803 -13.54388807 -27.07028731
-12.99207753 2.14899003 10.79348739
0.90120262 -0.65784858 -1.79920753
21.15963830 -20.44688391 -1.15477794
43.19970434 17.83196983 14.42908222
-8.81066704 18.81801257 14.05498223
4.68976936 13.06719316 -9.51669334
-6.64965370 24.91535619 -7.43425779
32.78696228 10.46313997 26.96300527
-15.54070560 33.28969229 -4.15577480
6.12395991 -3.29411422 5.58477545
24.68792586 -13.74629444 -20.94094993
41.43497092 -26.56636462 -26.72567026
-1.99912309 1.53649412 0.35569837
33.90882108 -0.56742606 17.21714656
13.41455195 -4.93143286 13.49337544
-5.71825989 2.06943230 1.95265642
2.75430382 21.30359512 12.10662057
-0.97855079 -40.99276513 -5.21587984
4.64117449 -6.70040760 -2.56460643
9.09945654 33.55593554 18.05958198
29.17956342 13.14300419 6.78338493
4.73823622 0.45725899 -7.41037941
-19.89782568 -9.22045184 -35.19411144
1.31693192 -9.50372828 15.69374029
-1.50257521 0.66423226 3.55555325
-21.67777895 28.11833098 6.36883793
17.57558804 42.20417875 4.91518953
10.77482797 7.99132154 -2.70929072
-13.11588814 -2.87328775 14.07267605
16.41522096 -1.80815835 -8.98831568
-6.07238965 2.25628687 2.93990596
-35.11438851 16.50744272 4.48640782
36.84656875 -4.32497692 -19.89739664
-6.80404766 1.20089491 -1.97035620
0.27987436 11.59639237 -49.55182559
2.08092638 17.03854057 25.47518723
12.35451505 -4.12462827 24.87039960
10.41023533 -6.85378947 14.61089003
3.73142695 -27.19684696 1.00798634
-8.14256103 20.14109630 -18.38763493
2.78485749 -7.00552970 -41.40106401
5.70010318 -6.02809878 -4.53546888
-16.75839297 6.32301413 -3.43117568
-14.23904817 -7.37082056 32.41171443
2.77871180 2.45736885 -7.05198692
-29.26324988 22.73248255 8.13083476
-23.69546432 9.31081440 -9.12680540
-5.84494139 2.54398672 -3.44248065
-11.89743540 -13.15613603 -32.52749649
-4.69541578 -0.73297288 -18.10584595
2.08533340 0.44121826 -7.27131198
-19.25086088 -12.48917371 -22.08060473
4.00908767 3.96543564 -23.61112250
4.13209344 1.58237645 7.79857216
-19.47836014 -10.17039994 -24.92662931
-24.08080852 35.57576824 -8.26911729
-9.37862122 0.61740209 -0.70357405
-6.09722458 13.31393247 -2.61009633
18.18079706 21.05552816 -13.76096508
1.32054774 -7.13784546 9.44068588
-8.45992398 34.19206493 22.50321205
-28.02279311 30.57571503 27.50131842
-8.66896321 -1.04960261 -3.99485327
-2.15967170 24.42267062 21.88683723
25.25085816 4.19317177 -40.58938915
-8.23393965 -6.19914927 -7.89621023
9.02930450 20.39494570 24.84564583
-13.50242572 38.42273587 16.10314145
24.72152519 35.21959427 5.02632022
8.46582407 -11.85150797 11.64843650
-2.33186571 5.30603705 -9.12172362
18.57302688 -27.55855541 -31.29014550
-31.36468669 15.70295041 23.98622940
0.23465991 13.79332436 14.50752335
-8.85900744 -9.65811690 -28.48367198
-60.70321593 -27.30298028 2.37663216
0.04521338 0.04991701 -2.95969363
-38.45033908 34.28231874 26.12771291
-40.65948424 -2.61947586 -5.06992580
1.20148238 11.39050265 0.53766458
-2.24141460 -8.39341331 14.19625796
8.35800779 30.99986545 14.38036909
-8.01079896 -10.11221124 -23.27372152
-65.26903253 21.27043075 -3.57934596
44.81860611 23.87210525 -9.45821092
-1.81177182 3.90171975 -13.86039888
8.09649902 -7.19970603 12.53377280
39.37036166 4.84173754 -2.15993951
-5.54776695 -11.38645393 21.26152710
2.29773539 15.54953312 -11.84964263
-39.45606931 13.38256496 24.44825008
-7.76339827 6.52730938 -12.49228372
20.31158118 21.93813663 -37.92683115
15.10104967 14.22385676 44.24730857
3.49205651 -9.06643123 2.93429506
12.27958652 62.49421617 13.20496261
-44.75585649 14.75583653 14.48966854
-10.82834126 6.37103623 7.39146465
20.26582797 4.30659700 -7.56764707
22.82976326 -12.56745860 -4.79907980
13.40852898 -18.83146940 -15.48486295
8.00026510 -2.43933007 -6.26234329
11.25694707 -35.70045949 31.99200713
45.62124695 -9.30066392 34.04628164
51.01118851 -51.30205793 -25.47595711
-3.17966050 -3.72199583 4.31308217
-2.20971266 17.76076550 -22.10943137
-0.91229369 23.99783756 41.83523114
-4.83248837 6.60715007 3.64119821
34.34165974 0.93358693 -9.86373558
-43.35240648 -2.95261929 -17.46459199
5.00047934 -8.39468232 -2.80282764
59.50294400 7.87302635 -26.75706294
-4.96646023 19.90701540 7.10768189
5.39878665 -2.89622142 3.35917137
15.92888980 -41.71660973 -35.20117352
-5.24411713 -3.88650931 41.55524333
5.42661404 10.00415633 -4.97522847
-60.23205841 -21.02756303 15.18645686
-7.81736637 30.31660111 -9.69189435
-4.84909267 -7.61966560 -8.15837766
-2.41080619 -50.87156844 -15.14978108
-34.49066744 3.47591539 38.09628064
-11.46948765 -4.83014034 -9.99362619
24.60172115 -40.67405862 11.22088602
21.56227199 -11.25988568 -16.88794465
-3.74870663 -6.89273272 2.29921143
-9.84424911 -39.91505041 -0.84624427
40.18523858 10.39189116 37.40361043
2.87814028 1.36156717 9.07586005
10.44591211 -15.67399888 -15.05664272
-8.52569718 -40.59243638 -18.45575850
-18.86297137 -16.24478084 -0.79402507
-0.04610457 8.58381724 4.41342951
2.00733743 -6.92512715 14.74106927
-40.34902558 23.64409779 47.83388610
47.99807295 5.80846877 -29.76378863
8.02974624 -3.22089055 9.23412136
-9.32190189 2.62576743 -26.91022490
11.96164356 -16.20850148 0.49441160
-0.00384263 -5.93032982 5.91092391
46.12562923 -41.51965125 29.64747196
-19.00175925 -7.91583406 26.63559835
1.71882195 -1.10451946 8.29282734
-7.72985505 13.73870552 -15.23927572
-4.46142790 33.74045747 -10.14049616
-7.05536559 -2.13415055 -4.33129658
-12.28694246 -17.15603502 -5.49951357
-23.85167810 27.50595805 -13.70498201
-0.16928760 -3.66808505 4.77374005
16.15316294 -16.67436243 4.00107355
16.04414190 -1.39524659 2.65568750
3.45504859 -5.12002772 13.60043064
10.10897326 -23.80802443 26.92967653
18.06209477 -21.21190539 35.71474787
-10.32400087 2.76102148 5.13766963
0.37573724 -5.96701464 -33.22475811
7.03655650 -7.46965074 -2.00818958
1.21482843 13.84876028 -4.65166229
11.44942361 -1.08962435 2.90748494
1.74774748 -7.22466103 5.81790984
-8.85209169 -6.31134673 4.27815280
-4.16919100 -3.42094172 6.21445440
0.13156304 6.48030928 4.21060055
-16.10803821 11.72573463 41.75032921
2.72909198 7.08766985 4.09479368
-30.42230078 -15.43020805 2.80899771
-5.01901707 32.78952570 -11.43999071
25.69186878 5.14584290 7.86312757
0.73981316 4.24152832 -14.18935053
-12.70127561 -14.81940636 -4.04769511
27.54258246 -6.90471004 -17.80172140
-1.51092524 -2.74361607 -9.80893291
15.39056588 27.89269594 -13.88364038
28.01281635 2.01995600 2.50979794
3.71482153 -12.29366585 0.82887929
6.28852699 -20.60852702 -7.63669305
-14.85074764 -31.75257722 -2.74699956
-0.39389008 -1.13079038 0.48570393
40.14833939 17.17910818 25.43893328
15.70295475 -23.82352968 10.98555248
1.80918738 -7.35536646 0.24830379
-8.37797075 13.33499009 2.56693580
33.10773035 5.05042121 23.34819341
-0.54971046 -0.81010829 12.01594801
-8.83790684 6.47750479 31.98290474
45.09702563 0.90753467 -8.62095301
-0.98904021 -1.11663141 -9.73967467
-12.03706823 -3.92117886 3.94360853
20.37722158 -17.78567918 20.86731718
-5.78634143 1.95347057 1.58705836
-22.68697104 17.79323034 19.04974813
24.67580511 21.56106125 5.98225606
-3.39975003 -6.73694751 1.04079570
27.37632162 33.09381504 -5.99023260
0.39422634 5.23619433 -21.25550113
21.86247657 19.00766388 -5.71669496
6.64260102 1.88736079 -1.02675644
5.54597479 -1.09417476 26.69280146
15.10754621 -18.84478126 16.89119113
44.57511413 11.03220747 -29.42772748
4.83434203 6.12776100 3.06545959
33.64830420 -11.28454646 -45.77634472
-0.19251739 -17.16629616 0.48972241
8.96542150 -5.87888397 3.27245801
0.10436698 7.72852675 68.49093061
-33.58402240 -37.01558221 -9.42546658
0.55841624 3.13043402 5.54954429
0.82559034 18.81020028 -10.53907757
-49.08247312 26.75014767 -7.72898867
4.29535856 -2.79878557 -1.56012600
-12.68759323 3.78797107 35.71742550
-15.32166564 -9.62995636 -4.57198114
-2.76691307 -5.68809309 -5.39678115
-25.07406165 12.52617094 33.95348099
4.66255154 -3.00613175 15.88445602
6.99290961 12.43893732 -8.17088562
-26.45965616 51.98195708 -7.86207404
-15.94143396 -6.37056199 3.29835294
2.02746760 -4.10282024 4.49143042
-32.14710738 9.89437177 -32.23780159
-11.29264707 -9.47222416 -0.16964371
-13.75691885 1.33266605 -9.27254222
-35.00461724 -33.05462341 19.82677415
-5.19402494 -23.37384206 15.02020813
4.60360200 1.71864950 -9.31737886
-12.86188406 23.11090078 34.03968374
-8.20029955 -24.04690427 -2.12530826
21.42522950 -17.67258709 -6.11032379
-3.39677017 3.98678273 1.48946286
-9.14474980 29.36794782 -43.68764600
-14.42942980 -14.34767366 -31.12840068
-8.26720749 -3.69863056 -4.44016716
6.82168167 -2.15032479 5.41258463
-4.30351767 -14.98857220 -2.70673845
12.42758658 19.73931704 -4.59851341
-6.00529808 7.44876494 2.07111843
10.72972018 1.29584961 -38.73848997
0.37756380 35.09954049 26.33590736
-1.14105719 6.18339384 -2.44053677
33.52034931 12.96778618 -24.78754779
-18.93296093 38.21478439 -8.85898351
-7.96201260 2.05806180 -1.11452390
19.85535951 -12.80138696 30.99447962
5.84415016 -19.70556845 -10.13372910
9.67917643 3.66089825 -0.06330476
-20.24380254 -2.57323508 14.62297371
35.00011298 -14.75662289 -21.23252041
-4.79221947 5.94127301 4.11834938
-27.92252235 5.78160652 -25.01063110
9.54228900 -12.39688522 21.63912557
5.95299718 1.29957197 -5.24456752
27.28557316 -24.25808971 14.48229014
-6.69058226 -8.07148827 -11.71114871
3.68223617 -0.12316607 0.15407519
1.71240132 7.63120222 -13.00344987
0.54007380 -7.65426259 10.93785583
7.92839752 10.60769893 -7.36444708
22.57830480 -6.35012801 11.07835651
-14.22491899 30.98666344 20.37822448
31.33808464 29.68127891 13.18864038
3.57419459 1.42909884 -2.25884839
14.78115420 -6.67028779 -6.42363307
-11.35334351 44.15136860 -0.29181679
-0.01036389 -45.93461340 -7.89641760
-10.48614693 7.41660277 2.31404175
-17.93945857 -32.69232714 -27.76682518
16.11346950 -1.12950897 10.84405984
-3.18627453 -2.12965490 2.16559809
-56.23323618 -30.91319853 -15.53352705
-2.14594090 -8.06275760 28.75902007
-2.81844406 -12.26117297 3.13807795
9.70506716 31.17417584 -10.37746334
-6.03321234 32.64112599 4.77038025
8.13703885 -9.93915733 -8.89864834
-11.44952964 17.28305509 18.32207598
-28.37278739 33.92361299 -4.73398384
-3.18909131 0.18617640 -3.80418423
-2.11857557 16.68888580 8.47578524
-8.98047899 -19.18263242 9.47031928
-3.49022812 0.22184231 4.51607046
-4.54386768 -8.76204665 -3.16051009
14.71445309 14.20108742 -21.06903102
-5.90965901 -13.28069557 3.14029023
27.55496075 -22.48627003 -37.77176683
-3.77927401 10.30260933 15.66597980
-8.07881229 1.35223604 -9.18900912
-20.02360945 33.73954829 22.89730426
-28.17067664 14.23378327 -0.50456132
-8.74846638 1.68714010 -11.35639972
5.41700922 27.29376190 -10.13052075
10.70623624 5.97408676 -23.69322981
-15.37350037 40.33390447 -28.39496332
-3.17229345 11.33816695 7.64489393
2.43442380 7.65032161 38.92324012
-11.53186478 -10.68652653 21.63981900
6.96563322 -4.16738212 13.97843043
7.25165634 -6.37222122 7.84548139
-15.03330633 -18.11314771 2.96557556
-24.25253579 -10.74215166 -22.00179703
-6.14842098 -0.02058042 9.90241148
6.92663936 4.50914273 6.57776155
13.66742852 28.88253980 -13.60748300
6.62038377 -1.45966336 8.43687133
2.42418310 -26.12045231 -17.98149386
-18.23974138 -9.51656641 -12.35338486
5.04854899 -5.44585418 0.08269053
17.32127609 -31.81076949 -23.76589284
-6.06395971 -21.64595134 -16.04918665
11.37493160 3.57800793 5.44173051
3.68780543 -10.85605382 -14.37913556
-45.24727195 -1.97843226 20.48675108
4.63152678 0.70066851 -0.34758544
-10.20552298 -18.93744962 -16.91936840
9.02874489 6.34522764 -20.42535999
-7.61507053 -4.69366007 -1.33645478
-4.65421811 -15.98812184 -21.53302994
3.13829263 -8.34480166 11.08226172
1.51071045 8.27517949 -0.63416608
16.90168321 6.53057020 -5.17460126
10.37632588 -19.41235947 -11.61978949
10.95364954 -5.04671975 -6.62703801
-30.06794097 0.38298281 -15.71810987
11.64192007 -21.33087353 -5.59360656
25.42137146 26.81761422 1.13610034
-10.63780153 4.29806379 -2.75917809
27.89294083 10.81754542 -6.30432709
23.17174768 5.32828909 4.35414403
9.47392327 10.38764902 19.79667004
